13,1,0,0.5682631731033325,0.042367011308670044,-0.12921476364135742
14,1,0,0.6632704734802246,-0.062249165028333664,-0.12966670095920563
15,1,0,0.7321511507034302,-0.16544710099697113,-0.12481959909200668
16,1,0,0.7464970350265503,-0.09832265228033066,-0.13676591217517853
17,1,0,0.7698283791542053,-0.01140258926898241,-0.16067884862422943
18,1,0,0.7915083169937134,0.04447093605995178,-0.17487503588199615
19,1,0,0.7847126722335815,0.007455447223037481,-0.15950354933738708
20,1,0,0.7921221256256104,0.015338728204369545,-0.15467379987239838
21,1,0,0.8012039661407471,0.024634554982185364,-0.15409569442272186
22,1,0,0.7725502848625183,0.00916197057813406,-0.14207594096660614
23,1,0,0.7398223876953125,0.023194359615445137,-0.1342342346906662
24,1,0,0.7061188220977783,0.054653726518154144,-0.1333751529455185
25,1,0,0.6870139837265015,0.05484822019934654,-0.13124918937683105
26,1,0,0.6852231025695801,0.04290064051747322,-0.12940657138824463
27,1,0,0.6761687994003296,0.030661750584840775,-0.12138378620147705
28,1,0,0.6850376129150391,0.023457063362002373,-0.11708269268274307
29,1,0,0.6954386234283447,0.02784501574933529,-0.11263362318277359
30,1,0,0.7136440277099609,0.06502525508403778,-0.12431034445762634
31,1,0,0.7106441259384155,0.11087597906589508,-0.12337566912174225
32,1,0,0.6756385564804077,0.12908577919006348,-0.11944661289453506
33,1,0,0.6432421207427979,0.14186154305934906,-0.10980872064828873
34,1,0,0.6556740999221802,0.13865797221660614,-0.1057465523481369
35,1,0,0.7137035131454468,0.13768728077411652,-0.11329779773950577
36,1,0,0.761680543422699,0.1551423817873001,-0.1377171277999878
37,1,0,0.7991462349891663,0.1315309703350067,-0.14862369000911713
38,1,0,0.80088210105896,0.09446597099304199,-0.15100465714931488
39,1,0,0.789090633392334,0.08579792827367783,-0.16436976194381714
40,1,0,0.7863419055938721,0.09661892056465149,-0.17875026166439056
41,1,0,0.7931522130966187,0.13184626400470734,-0.1844891756772995
42,1,0,0.8258806467056274,0.17164550721645355,-0.1978328377008438
43,1,0,0.8224849104881287,0.20033487677574158,-0.19629225134849548
44,1,0,0.8287862539291382,0.222556471824646,-0.19230754673480988
45,1,0,0.8346959948539734,0.23556862771511078,-0.18884947896003723
46,1,0,0.8355491161346436,0.23237574100494385,-0.17057228088378906
47,1,0,0.8101863265037537,0.20110954344272614,-0.15210777521133423
48,1,0,0.7759054899215698,0.18770453333854675,-0.14443296194076538
49,1,0,0.7309727668762207,0.16091448068618774,-0.14548859000205994
50,1,0,0.8682867288589478,-0.27636829018592834,-0.05363873392343521
51,1,0,0.9061861634254456,-0.18907642364501953,-0.06402507424354553
52,1,0,0.9005335569381714,-0.1770535558462143,-0.05561496317386627
53,1,0,0.8801275491714478,-0.21070028841495514,-0.031406763941049576
54,1,0,0.860174298286438,-0.2472110539674759,-0.012208660133183002
55,1,0,0.8481611013412476,-0.25651130080223083,0.0015807958552613854
56,1,0,0.8465073108673096,-0.2742277681827545,0.011758314445614815
57,1,0,0.8274439573287964,-0.2719303071498871,0.024135267361998558
58,1,0,0.8276347517967224,-0.26868313550949097,0.02234724536538124
59,1,0,0.8168736696243286,-0.2568513751029968,0.021697312593460083
60,1,0,0.7824431657791138,-0.23688077926635742,0.016587434336543083
61,1,0,0.7374626398086548,-0.20725208520889282,0.007938233204185963
62,1,0,0.7186355590820312,-0.15268783271312714,-0.002658196957781911
63,1,0,0.7487689852714539,-0.11558878421783447,-0.011371748521924019
64,1,0,0.7966029644012451,-0.11377203464508057,-0.018806029111146927
65,1,0,0.8812627196311951,-0.12634475529193878,-0.014921302907168865
66,1,0,0.904464840888977,-0.12600922584533691,-0.011699761264026165
67,1,0,0.9194973707199097,-0.11892661452293396,-0.011212191544473171
68,1,0,0.9213470220565796,-0.12146691977977753,-0.008769995532929897
69,1,0,0.9198651313781738,-0.13899850845336914,-0.0032710093073546886
70,1,0,0.9200811386108398,-0.1634819358587265,0.002879850100725889
71,1,0,0.9195411801338196,-0.18478496372699738,0.008560321293771267
72,1,0,0.9190808534622192,-0.19789958000183105,0.011830723844468594
73,1,0,0.9214311838150024,-0.1986081600189209,0.01302887499332428
74,1,0,0.9229551553726196,-0.20035237073898315,0.014034162275493145
75,1,0,0.9207804799079895,-0.19500654935836792,0.013545488938689232
76,1,0,0.927862823009491,-0.19152311980724335,0.006419153418391943
77,1,0,0.928447425365448,-0.20790855586528778,0.010521716438233852
78,1,0,0.9254878759384155,-0.21269090473651886,0.015233351849019527
79,1,0,0.9243941307067871,-0.2003306895494461,0.013908726163208485
80,1,0,0.9172250628471375,-0.2061356008052826,0.01948953978717327
81,1,0,0.9132717251777649,-0.21258333325386047,0.019358161836862564
82,1,0,0.9161593914031982,-0.20727257430553436,0.013744316063821316
83,1,0,0.9191604256629944,-0.18634061515331268,0.006662895902991295
84,1,0,0.9188408851623535,-0.17290127277374268,0.0030308719724416733
85,1,0,0.9192606806755066,-0.16812919080257416,0.003149722469970584
86,1,0,0.9100117683410645,-0.1917332410812378,0.010531550273299217
87,1,0,0.9064108729362488,-0.21335124969482422,0.011552348732948303
88,1,0,0.9022814035415649,-0.2398599088191986,0.012577362358570099
89,1,0,0.9047450423240662,-0.24335744976997375,0.008210660889744759
90,1,0,0.9103308916091919,-0.21521450579166412,-0.0020932748448103666
91,1,0,0.9027208089828491,-0.23195356130599976,0.0002576187252998352
92,1,0,0.9083465337753296,-0.24709974229335785,-0.0018645130330696702
93,1,0,0.9024381637573242,-0.26985904574394226,0.0035270231310278177
94,1,0,0.900234580039978,-0.27178534865379333,0.0011473516933619976
95,1,0,0.9011101126670837,-0.25946858525276184,-0.0051750377751886845
96,1,0,0.8885226249694824,-0.27039575576782227,0.0019475271692499518
97,1,0,0.8843038082122803,-0.26590776443481445,0.00035832819412462413
98,1,0,0.8809913396835327,-0.251936674118042,-0.007553917821496725
99,1,0,0.8336547017097473,-0.25638702511787415,-0.02826336771249771
108,1,0,0.4337502717971802,0.30416494607925415,-0.13399982452392578
143,0,0,0.4897298514842987,0.23599080741405487,-0.23565822839736938
144,0,0,0.46089687943458557,0.21760626137256622,-0.252732515335083
147,0,0,0.42704030871391296,0.10587412118911743,-0.24522992968559265
148,0,0,0.43512558937072754,0.106257364153862,-0.23354505002498627
150,1,0,0.8102418184280396,0.0923953577876091,-0.1240357831120491
151,1,0,0.855626106262207,0.1328897774219513,-0.17121592164039612
152,1,0,0.8690930604934692,0.18799902498722076,-0.20390565693378448
153,1,0,0.8629487752914429,0.21930202841758728,-0.20970121026039124
154,1,0,0.8537552952766418,0.21968185901641846,-0.2057039737701416
155,1,0,0.8420850038528442,0.20232604444026947,-0.20259174704551697
156,1,0,0.8269976377487183,0.1856769472360611,-0.1985071450471878
157,1,0,0.8135066032409668,0.17971746623516083,-0.20144233107566833
158,1,0,0.8155066967010498,0.1616763025522232,-0.20859619975090027
159,1,0,0.7750890254974365,0.15288566052913666,-0.21021173894405365
160,1,0,0.7340570688247681,0.1108962818980217,-0.2065499871969223
161,1,0,0.7088180780410767,0.0908019170165062,-0.2008635401725769
162,1,0,0.6926403045654297,0.0713440477848053,-0.19796122610569
163,1,0,0.7081507444381714,0.042264424264431,-0.19539330899715424
164,1,0,0.7307150959968567,0.03435647860169411,-0.19560962915420532
165,1,0,0.7748050093650818,0.04871499910950661,-0.19735832512378693
166,1,0,0.7881180047988892,0.05374488607048988,-0.1874481737613678
167,1,0,0.8071004152297974,0.052374742925167084,-0.18629077076911926
168,1,0,0.799804151058197,0.04241429269313812,-0.1834014505147934
169,1,0,0.8082781434059143,0.03956842049956322,-0.18421830236911774
170,1,0,0.7892796397209167,0.023930516093969345,-0.1857827603816986
171,1,0,0.7761440277099609,0.0050651575438678265,-0.18260258436203003
172,1,0,0.7579940557479858,-0.019435640424489975,-0.18195201456546783
173,1,0,0.7406034469604492,-0.040220241993665695,-0.180027037858963
174,1,0,0.7429180145263672,-0.05317709594964981,-0.179546058177948
175,1,0,0.7685703635215759,-0.07377292215824127,-0.17406803369522095
176,1,0,0.8122398853302002,-0.10280812531709671,-0.16499023139476776
177,1,0,0.8304424285888672,-0.12826110422611237,-0.16515178978443146
178,1,0,0.8409873843193054,-0.15041203796863556,-0.15388797223567963
179,1,0,0.8492923378944397,-0.16157497465610504,-0.14398638904094696
180,1,0,0.8655836582183838,-0.17531077563762665,-0.13254734873771667
181,1,0,0.8756516575813293,-0.18267792463302612,-0.12510137259960175
182,1,0,0.8769590854644775,-0.18398548662662506,-0.12309586256742477
183,1,0,0.8610270023345947,-0.17069566249847412,-0.13197796046733856
184,1,0,0.7934953570365906,-0.11725334078073502,-0.14706435799598694
185,1,0,0.6817135810852051,-0.0411219522356987,-0.13540813326835632
186,1,0,0.5513401031494141,0.04619421437382698,-0.10437732934951782
243,0,0,0.3905125856399536,0.3036738336086273,-0.1894449144601822
244,0,0,0.42002561688423157,0.2886449992656708,-0.20398996770381927
245,0,0,0.39425545930862427,0.24657802283763885,-0.19954684376716614
250,1,0,0.6940760612487793,0.0011147777549922466,-0.10324372351169586
251,1,0,0.6949200630187988,0.10450759530067444,-0.12384064495563507
252,1,0,0.7530115246772766,0.06324591487646103,-0.14260925352573395
253,1,0,0.8011361360549927,0.038435447961091995,-0.1623985767364502
254,1,0,0.7912544012069702,-0.011271151714026928,-0.13998742401599884
255,1,0,0.7715209722518921,-0.02526215836405754,-0.11908628046512604
256,1,0,0.7205873727798462,-0.020028021186590195,-0.10791879147291183
257,1,0,0.6855337619781494,-0.012472649104893208,-0.10854983329772949
258,1,0,0.6652103066444397,-0.04865313321352005,-0.10961803793907166
259,1,0,0.7065283060073853,-0.08972588181495667,-0.11162504553794861
260,1,0,0.760623037815094,-0.09622363746166229,-0.1214999184012413
261,1,0,0.7890110015869141,0.03210589289665222,-0.1543092131614685
262,1,0,0.7686319947242737,0.07461445033550262,-0.16037717461585999
263,1,0,0.7702032923698425,0.04236983880400658,-0.15784798562526703
264,1,0,0.7783290147781372,0.01212601363658905,-0.15113092958927155
265,1,0,0.77301424741745,0.0006741749821230769,-0.1472044140100479
266,1,0,0.7328698635101318,-0.03238892927765846,-0.13295328617095947
267,1,0,0.7026678323745728,-0.03733650967478752,-0.12218677252531052
268,1,0,0.659439742565155,-0.009551770985126495,-0.11721548438072205
269,1,0,0.6174417734146118,0.02122270129621029,-0.11327878385782242
270,1,0,0.5643633008003235,-0.01976647600531578,-0.1172255203127861
271,1,0,0.4938032627105713,-0.05052392929792404,-0.11740822345018387
276,1,0,0.5361818671226501,-0.08084700256586075,-0.08468839526176453
277,1,0,0.6206494569778442,-0.08116898685693741,-0.08839665353298187
278,1,0,0.7232427597045898,-0.07918593287467957,-0.11014557629823685
279,1,0,0.7786208391189575,-0.05775225907564163,-0.12243728339672089
280,1,0,0.7917660474777222,-0.0751321092247963,-0.11857384443283081
281,1,0,0.7924084067344666,-0.0826350748538971,-0.10590954124927521
282,1,0,0.7656217813491821,-0.07261833548545837,-0.1045340746641159
283,1,0,0.739504337310791,-0.07769199460744858,-0.10424350202083588
284,1,0,0.7237993478775024,-0.09053974598646164,-0.10211922228336334
285,1,0,0.7258132696151733,-0.11556476354598999,-0.09556088596582413
286,1,0,0.7540959119796753,-0.15089793503284454,-0.07504007965326309
287,1,0,0.8048133850097656,-0.17879201471805573,-0.05504190921783447
288,1,0,0.8162383437156677,-0.18680432438850403,-0.03547359257936478
289,1,0,0.8011893630027771,-0.18323658406734467,-0.031863875687122345
290,1,0,0.7483688592910767,-0.15893760323524475,-0.04702027887105942
291,1,0,0.6554730534553528,-0.11583781987428665,-0.06705227494239807
292,1,0,0.5848085284233093,-0.0650789737701416,-0.06857405602931976
293,1,0,0.5534207820892334,-0.019170107319951057,-0.05895599350333214
294,1,0,0.5714746713638306,-0.010929220356047153,-0.059384241700172424
295,1,0,0.6263414621353149,-0.045492369681596756,-0.07726716995239258
296,1,0,0.7045122385025024,-0.0662408173084259,-0.09994181245565414
297,1,0,0.8078995943069458,-0.02076992392539978,-0.09941175580024719
298,1,0,0.8064837455749512,0.0037988615222275257,-0.09162642806768417
299,1,0,0.7678878307342529,0.02035149373114109,-0.10591523349285126
300,1,0,0.8107349276542664,-0.0833149403333664,-0.12044045329093933
301,1,0,0.8401914238929749,-0.043587587773799896,-0.13775870203971863
302,1,0,0.8479963541030884,-0.0669216737151146,-0.12594693899154663
303,1,0,0.8746651411056519,-0.08757666498422623,-0.11763546615839005
304,1,0,0.8822911977767944,-0.12603113055229187,-0.10128877311944962
305,1,0,0.8555819988250732,-0.15023960173130035,-0.07620975375175476
306,1,0,0.8222586512565613,-0.1687275618314743,-0.06349857151508331
307,1,0,0.7854902744293213,-0.1757228821516037,-0.059833794832229614
308,1,0,0.7529404163360596,-0.14986178278923035,-0.06102263182401657
309,1,0,0.7356434464454651,-0.11149992793798447,-0.06644293665885925
310,1,0,0.7426443099975586,-0.08069603145122528,-0.07776806503534317
311,1,0,0.7747220396995544,-0.08085430413484573,-0.09506906569004059
312,1,0,0.8301330804824829,-0.09722001105546951,-0.09892374277114868
313,1,0,0.8718057870864868,-0.09426607191562653,-0.10805013030767441
314,1,0,0.8660831451416016,-0.07621875405311584,-0.11310618370771408
315,1,0,0.8592672348022461,-0.0740450844168663,-0.11557485163211823
316,1,0,0.8612752556800842,-0.07078105956315994,-0.12424512952566147
317,1,0,0.8692429065704346,-0.08183049410581589,-0.1373404562473297
318,1,0,0.8720750212669373,-0.09132091701030731,-0.14476662874221802
319,1,0,0.8658813834190369,-0.0820692628622055,-0.1452644318342209
320,1,0,0.864235520362854,-0.09816068410873413,-0.13313092291355133
321,1,0,0.8693092465400696,-0.11946214735507965,-0.12975165247917175
322,1,0,0.8748747110366821,-0.1273432821035385,-0.12510348856449127
323,1,0,0.881239116191864,-0.12027975171804428,-0.12080571800470352
324,1,0,0.8814603686332703,-0.14476294815540314,-0.10073019564151764
325,1,0,0.8822951316833496,-0.15901410579681396,-0.08934705704450607
326,1,0,0.8717375993728638,-0.1482044905424118,-0.07879183441400528
327,1,0,0.8555217981338501,-0.13010916113853455,-0.07596170902252197
328,1,0,0.8596710562705994,-0.13669104874134064,-0.07946530729532242
329,1,0,0.8676164746284485,-0.12585638463497162,-0.08315075933933258
330,1,0,0.878039538860321,-0.11559095978736877,-0.08514697104692459
331,1,0,0.8958855867385864,-0.0983290821313858,-0.09027795493602753
332,1,0,0.8954424858093262,-0.11812197417020798,-0.08003437519073486
333,1,0,0.8938426971435547,-0.1178806871175766,-0.07896832376718521
334,1,0,0.9018039703369141,-0.12412375956773758,-0.08205484598875046
335,1,0,0.8952612280845642,-0.11779459565877914,-0.07841206341981888
336,1,0,0.8689468502998352,-0.081605464220047,-0.07589323073625565
337,1,0,0.8224455714225769,-0.035017553716897964,-0.08754541724920273
338,1,0,0.7630936503410339,0.03420863300561905,-0.09371624141931534
339,1,0,0.7200868129730225,0.09987500309944153,-0.09660228341817856
340,1,0,0.734434187412262,0.11301228404045105,-0.10339077562093735
341,1,0,0.7838317155838013,0.14513608813285828,-0.10497935861349106
342,1,0,0.8373340368270874,0.1498553454875946,-0.12694229185581207
343,1,0,0.8398377299308777,0.13026291131973267,-0.12463075667619705
344,1,0,0.8297141790390015,0.11040060967206955,-0.11871322989463806
345,1,0,0.8216424584388733,0.05828504636883736,-0.12268800288438797
346,1,0,0.8078212141990662,0.038711681962013245,-0.11893905699253082
347,1,0,0.7986840009689331,0.03858411684632301,-0.10924749821424484
348,1,0,0.8006585836410522,0.01597614586353302,-0.11788154393434525
349,1,0,0.7747216820716858,0.021786682307720184,-0.13221444189548492
350,1,0,0.8583542704582214,-0.16262169182300568,-0.0944087877869606
351,1,0,0.8943148255348206,-0.16383668780326843,-0.12155306339263916
352,1,0,0.903710663318634,-0.1670917570590973,-0.13246197998523712
353,1,0,0.9071338772773743,-0.11222191900014877,-0.14531132578849792
354,1,0,0.9014185667037964,-0.09600857645273209,-0.14935754239559174
355,1,0,0.9026240110397339,-0.07927063852548599,-0.16020923852920532
356,1,0,0.9044075012207031,-0.06374216824769974,-0.16365519165992737
357,1,0,0.8971986770629883,-0.046041324734687805,-0.17113511264324188
358,1,0,0.9013683795928955,-0.04251886531710625,-0.18407009541988373
359,1,0,0.9002680778503418,-0.01916372776031494,-0.19387540221214294
360,1,0,0.9000840783119202,-0.02811153046786785,-0.18570680916309357
361,1,0,0.9054104089736938,-0.040414705872535706,-0.17752614617347717
362,1,0,0.9085304737091064,-0.04609745740890503,-0.17402410507202148
363,1,0,0.9082636833190918,-0.03117056004703045,-0.1758217066526413
364,1,0,0.9077653288841248,-0.007342363242059946,-0.1807878017425537
365,1,0,0.9038845896720886,0.02144048921763897,-0.18981501460075378
366,1,0,0.9012148976325989,0.014357333071529865,-0.18090854585170746
367,1,0,0.902014434337616,-0.00701516168192029,-0.17087393999099731
368,1,0,0.8959385752677917,-0.018437780439853668,-0.1636172980070114
369,1,0,0.8742278814315796,-0.038535844534635544,-0.166933074593544
370,1,0,0.8537994623184204,-0.05236260965466499,-0.1708143651485443
371,1,0,0.8594629764556885,-0.08241976797580719,-0.17560261487960815
372,1,0,0.8653486967086792,-0.09073888510465622,-0.1785069704055786
373,1,0,0.858609139919281,-0.09247928112745285,-0.17287252843379974
374,1,0,0.8601980209350586,-0.08894948661327362,-0.16260983049869537
375,1,0,0.8708744645118713,-0.09387169033288956,-0.15283630788326263
376,1,0,0.8822841644287109,-0.09182798862457275,-0.1489820033311844
377,1,0,0.9087454080581665,-0.10281574726104736,-0.1423511803150177
378,1,0,0.9139400124549866,-0.08294554054737091,-0.14513592422008514
379,1,0,0.9065686464309692,-0.07486720383167267,-0.13899016380310059
380,1,0,0.9009830951690674,-0.061488617211580276,-0.14093346893787384
381,1,0,0.8833321332931519,-0.06050805002450943,-0.13816185295581818
382,1,0,0.8368560671806335,-0.0890733152627945,-0.15568573772907257
383,1,0,0.7524778842926025,-0.09299978613853455,-0.17233671247959137
384,1,0,0.6700087189674377,-0.03167148306965828,-0.1584002822637558
385,1,0,0.6182610988616943,0.020758191123604774,-0.1337915062904358
386,1,0,0.6183429956436157,0.021303348243236542,-0.12079527974128723
387,1,0,0.64349764585495,-0.0134222861379385,-0.11286915838718414
388,1,0,0.7259968519210815,-0.0899750143289566,-0.09873097389936447
389,1,0,0.7347880601882935,-0.12455007433891296,-0.09423614293336868
390,1,0,0.7426670789718628,-0.13551299273967743,-0.08453097939491272
391,1,0,0.7611165046691895,-0.15963847935199738,-0.08070429414510727
392,1,0,0.7738461494445801,-0.1707506626844406,-0.07910344749689102
393,1,0,0.7553308010101318,-0.1590140163898468,-0.10032853484153748
394,1,0,0.6866815090179443,-0.12634046375751495,-0.11685072630643845
395,1,0,0.5636240243911743,-0.057443343102931976,-0.10058417171239853
400,1,0,0.8530696034431458,-0.1851194053888321,-0.03345944732427597
401,1,0,0.8795961737632751,-0.21194259822368622,-0.02990708127617836
402,1,0,0.8814817070960999,-0.21523362398147583,-0.02209637500345707
403,1,0,0.8778800368309021,-0.21604320406913757,-0.016037914901971817
404,1,0,0.8798010349273682,-0.2245609164237976,-0.01363391149789095
405,1,0,0.8837658166885376,-0.22059425711631775,-0.014367612078785896
406,1,0,0.8927978277206421,-0.20055250823497772,-0.017994510009884834
407,1,0,0.8936424255371094,-0.2061816304922104,-0.014957094565033913
408,1,0,0.8962297439575195,-0.21057680249214172,-0.014664052985608578
409,1,0,0.9059373736381531,-0.1938856542110443,-0.019452033564448357
410,1,0,0.9080106019973755,-0.18830417096614838,-0.018199170008301735
411,1,0,0.9048275947570801,-0.2123604416847229,-0.006106457207351923
412,1,0,0.8979429006576538,-0.24634160101413727,0.004982862155884504
413,1,0,0.8999722599983215,-0.2682085335254669,0.006665093824267387
414,1,0,0.8890023827552795,-0.30098816752433777,0.02132381498813629
415,1,0,0.8834196329116821,-0.29775214195251465,0.024769186973571777
416,1,0,0.8629360795021057,-0.2743135392665863,0.025023257359862328
417,1,0,0.8298527598381042,-0.26924899220466614,0.019319916144013405
418,1,0,0.7819228768348694,-0.2550588548183441,0.006948292255401611
419,1,0,0.7341392040252686,-0.2095530480146408,-0.009625517763197422
420,1,0,0.6968424320220947,-0.1654682606458664,-0.027708278968930244
421,1,0,0.688995361328125,-0.15002873539924622,-0.040239833295345306
422,1,0,0.7220667004585266,-0.15332290530204773,-0.042050596326589584
423,1,0,0.7699735760688782,-0.1714891940355301,-0.03090076707303524
424,1,0,0.8615815043449402,-0.17743341624736786,-0.0067384266294538975
425,1,0,0.8848716020584106,-0.2062927484512329,-0.005066135432571173
426,1,0,0.8851844072341919,-0.22222211956977844,-0.002760291565209627
427,1,0,0.8875671029090881,-0.22594699263572693,-0.004500567447394133
428,1,0,0.8931264877319336,-0.22006811201572418,-0.007922513410449028
429,1,0,0.8940876722335815,-0.21809618175029755,-0.0059092845767736435
430,1,0,0.8988146185874939,-0.204753577709198,-0.0032455360051244497
431,1,0,0.8985653519630432,-0.2166169434785843,0.005442766938358545
432,1,0,0.8932562470436096,-0.22827905416488647,0.013862540945410728
433,1,0,0.8911532759666443,-0.2293633222579956,0.015288897790014744
434,1,0,0.8841977715492249,-0.23480364680290222,0.017058104276657104
435,1,0,0.8838087320327759,-0.25053659081459045,0.01536859292536974
436,1,0,0.900023341178894,-0.22228606045246124,0.00397438695654273
437,1,0,0.8787258863449097,-0.24781787395477295,0.021852344274520874
438,1,0,0.8552424907684326,-0.26707029342651367,0.02223832719027996
439,1,0,0.8210474252700806,-0.2794598340988159,0.01589631475508213
440,1,0,0.7791562080383301,-0.2753869891166687,0.0033596777357161045
441,1,0,0.7445152997970581,-0.27993282675743103,-0.0054319933988153934
442,1,0,0.7688474059104919,-0.29585689306259155,-0.00037506219814531505
443,1,0,0.81404709815979,-0.3233877718448639,0.026417365297675133
444,1,0,0.8225367665290833,-0.3115176558494568,0.03210464492440224
445,1,0,0.810259222984314,-0.3042915165424347,0.02300475724041462
446,1,0,0.8046621680259705,-0.2960548400878906,0.015080813318490982
447,1,0,0.8329682350158691,-0.2882477641105652,0.01142500527203083
448,1,0,0.7957499623298645,-0.2822704315185547,0.011907529085874557
449,1,0,0.7234054803848267,-0.27888914942741394,-0.01735197938978672
500,1,0,0.7202256917953491,-0.1349228024482727,-0.07217761874198914
501,1,0,0.7969017624855042,-0.15879954397678375,-0.08803705126047134
502,1,0,0.8298892378807068,-0.18976104259490967,-0.09656891226768494
503,1,0,0.8448072671890259,-0.19770777225494385,-0.10140582174062729
504,1,0,0.8754824995994568,-0.19855567812919617,-0.1239311695098877
505,1,0,0.8759657144546509,-0.17382390797138214,-0.13356852531433105
506,1,0,0.8773702383041382,-0.1445075124502182,-0.14518612623214722
507,1,0,0.8798061013221741,-0.13496281206607819,-0.15261094272136688
508,1,0,0.8902550339698792,-0.11889719218015671,-0.16223284602165222
509,1,0,0.895112156867981,-0.11458168178796768,-0.1644294410943985
510,1,0,0.8895986080169678,-0.11766396462917328,-0.1556537002325058
511,1,0,0.8853698372840881,-0.11611936241388321,-0.1555142104625702
512,1,0,0.8708996176719666,-0.10476303100585938,-0.15482264757156372
513,1,0,0.8589714169502258,-0.1215481385588646,-0.1511641889810562
514,1,0,0.8581826686859131,-0.09646497666835785,-0.1525406539440155
515,1,0,0.8744868636131287,-0.09201795607805252,-0.15888778865337372
516,1,0,0.8705399632453918,-0.08353713899850845,-0.15917979180812836
517,1,0,0.8524089455604553,-0.07313652336597443,-0.13885052502155304
518,1,0,0.8141469359397888,-0.11088024079799652,-0.14059780538082123
519,1,0,0.7673290967941284,-0.1184789165854454,-0.1387634128332138
520,1,0,0.6878299117088318,-0.11263307929039001,-0.13277585804462433
521,1,0,0.607393205165863,-0.08112204074859619,-0.1288226991891861
522,1,0,0.5692509412765503,-0.04618510603904724,-0.13138478994369507
523,1,0,0.6019420623779297,-0.039196062833070755,-0.14412041008472443
524,1,0,0.687959611415863,-0.05011001229286194,-0.15848538279533386
525,1,0,0.8078392148017883,-0.054559044539928436,-0.16169299185276031
526,1,0,0.8585546612739563,-0.07949117571115494,-0.16525070369243622
527,1,0,0.8611689209938049,-0.09449593722820282,-0.17771650850772858
528,1,0,0.8640179634094238,-0.09540468454360962,-0.17929382622241974
529,1,0,0.8579809665679932,-0.08906641602516174,-0.17870010435581207
530,1,0,0.8494595885276794,-0.09356297552585602,-0.17103314399719238
531,1,0,0.852493941783905,-0.09733108431100845,-0.1737912893295288
532,1,0,0.8445589542388916,-0.10342873632907867,-0.17040503025054932
533,1,0,0.8389648199081421,-0.11383146792650223,-0.16997839510440826
534,1,0,0.8416091203689575,-0.1004604697227478,-0.169069305062294
535,1,0,0.8493844866752625,-0.09641797840595245,-0.16462835669517517
536,1,0,0.856197714805603,-0.11179044097661972,-0.16726304590702057
537,1,0,0.8558815121650696,-0.10814893245697021,-0.1688050925731659
538,1,0,0.8574553728103638,-0.08807482570409775,-0.16827811300754547
539,1,0,0.8493714332580566,-0.08205416798591614,-0.1604582965373993
540,1,0,0.8530076742172241,-0.07310836017131805,-0.1510089933872223
541,1,0,0.8625248670578003,-0.07969222217798233,-0.15010446310043335
542,1,0,0.8667445778846741,-0.06355670094490051,-0.14444583654403687
543,1,0,0.8767971992492676,-0.04336295276880264,-0.13619083166122437
544,1,0,0.8890620470046997,-0.03426080569624901,-0.12920324504375458
545,1,0,0.8877015113830566,-0.03370337933301926,-0.12292755395174026
546,1,0,0.885819673538208,-0.03904545679688454,-0.11585291475057602
547,1,0,0.8957586884498596,-0.05265362188220024,-0.11601034551858902
548,1,0,0.8900609016418457,-0.04394174739718437,-0.11892116069793701
549,1,0,0.859221875667572,-0.032987114042043686,-0.1218581348657608
550,1,0,0.7721842527389526,-0.20729957520961761,-0.05180041864514351
551,1,0,0.8292474746704102,-0.18015338480472565,-0.07028061896562576
552,1,0,0.8728276491165161,-0.144260972738266,-0.09546296298503876
553,1,0,0.8578819036483765,-0.04747617989778519,-0.10620058327913284
554,1,0,0.8562160730361938,-0.041702672839164734,-0.10827150195837021
555,1,0,0.852206826210022,-0.05366937816143036,-0.09970599412918091
556,1,0,0.8484576344490051,-0.05801182985305786,-0.09408679604530334
557,1,0,0.8599371314048767,-0.0789475217461586,-0.09555885940790176
558,1,0,0.8524081707000732,-0.10041723400354385,-0.08845525979995728
559,1,0,0.8536291718482971,-0.12849529087543488,-0.0673363208770752
560,1,0,0.8585390448570251,-0.14875324070453644,-0.05738242715597153
561,1,0,0.8469641804695129,-0.17098228633403778,-0.04780669882893562
562,1,0,0.8131414651870728,-0.19675886631011963,-0.0401712991297245
563,1,0,0.7902423143386841,-0.20479345321655273,-0.0486258789896965
564,1,0,0.7745454907417297,-0.18188007175922394,-0.06357503682374954
565,1,0,0.7447687983512878,-0.14116273820400238,-0.07533027231693268
566,1,0,0.7206758856773376,-0.09765205532312393,-0.07430000603199005
567,1,0,0.7254231572151184,-0.08738772571086884,-0.07118114084005356
568,1,0,0.7484978437423706,-0.09225495904684067,-0.06963377445936203
569,1,0,0.7974290251731873,-0.10538437217473984,-0.06648939847946167
570,1,0,0.8100854158401489,-0.11488287895917892,-0.06989948451519012
571,1,0,0.8236808776855469,-0.10053934156894684,-0.062052857130765915
572,1,0,0.830314040184021,-0.12114129215478897,-0.07257181406021118
573,1,0,0.8248994946479797,-0.14119960367679596,-0.08426344394683838
574,1,0,0.798606812953949,-0.1495196372270584,-0.09474491328001022
575,1,0,0.7584188580513,-0.14820881187915802,-0.09370392560958862
576,1,0,0.7102153301239014,-0.14201968908309937,-0.08749010413885117
577,1,0,0.6799803972244263,-0.13328109681606293,-0.0752740129828453
578,1,0,0.6720157861709595,-0.13666966557502747,-0.06018476560711861
579,1,0,0.6783410310745239,-0.1679989993572235,-0.04245980083942413
580,1,0,0.7166783213615417,-0.21857325732707977,-0.04182721674442291
581,1,0,0.754241406917572,-0.24069185554981232,-0.03591598570346832
582,1,0,0.7830519676208496,-0.25019851326942444,-0.03694215789437294
583,1,0,0.806218147277832,-0.2628605365753174,-0.03728872910141945
584,1,0,0.8283643126487732,-0.2667769491672516,-0.03302685171365738
585,1,0,0.8453354239463806,-0.27029845118522644,-0.025714121758937836
586,1,0,0.850700855255127,-0.27718544006347656,-0.030359569936990738
587,1,0,0.8576981425285339,-0.28532999753952026,-0.03745121508836746
588,1,0,0.8804301023483276,-0.2825435698032379,-0.03549773618578911
589,1,0,0.8774327039718628,-0.27874016761779785,-0.035546571016311646
590,1,0,0.8364280462265015,-0.24754215776920319,-0.0472019724547863
591,1,0,0.7992887496948242,-0.22006139159202576,-0.055060289800167084
592,1,0,0.7821243405342102,-0.20999671518802643,-0.05258777737617493
593,1,0,0.8016811013221741,-0.21839135885238647,-0.03775931894779205
594,1,0,0.8160315155982971,-0.22832787036895752,-0.030592678114771843
595,1,0,0.8307514190673828,-0.2509540617465973,-0.02538824826478958
596,1,0,0.8758788704872131,-0.2735443413257599,-0.016269350424408913
597,1,0,0.8806145191192627,-0.2757781445980072,-0.01299413200467825
598,1,0,0.8514385223388672,-0.26157429814338684,-0.011982977390289307
599,1,0,0.8054885864257812,-0.25364723801612854,-0.04536859691143036
607,1,0,0.7140382528305054,-0.08314564824104309,-0.0975368320941925
608,1,0,0.8678734302520752,-0.09678974747657776,-0.08571679890155792
609,1,0,0.9041823744773865,-0.10879305750131607,-0.0747189149260521
610,1,0,0.907227098941803,-0.11966089904308319,-0.06442251801490784
611,1,0,0.9081506133079529,-0.12365157902240753,-0.0687900185585022
612,1,0,0.9056382179260254,-0.11563736200332642,-0.06823278963565826
613,1,0,0.8955881595611572,-0.10110969841480255,-0.0716119185090065
614,1,0,0.8865624666213989,-0.10531483590602875,-0.0738312378525734
615,1,0,0.8764188885688782,-0.087309829890728,-0.08151331543922424
616,1,0,0.8638706803321838,-0.06745697557926178,-0.08272501826286316
617,1,0,0.8570943474769592,-0.04266068711876869,-0.07728729397058487
618,1,0,0.8435662984848022,-0.0038845716044306755,-0.07657407969236374
619,1,0,0.837986171245575,0.04333942383527756,-0.08012267202138901
620,1,0,0.847243070602417,0.09146934002637863,-0.09309075772762299
621,1,0,0.824091911315918,0.09288068115711212,-0.0874236449599266
622,1,0,0.7959928512573242,0.08216593414545059,-0.08451536297798157
623,1,0,0.7991994023323059,0.0651237815618515,-0.1004013642668724
624,1,0,0.752196729183197,0.013831489719450474,-0.11599697172641754
625,1,0,0.7319921255111694,-0.02667072042822838,-0.118016317486763
626,1,0,0.7132449150085449,-0.056788500398397446,-0.12145855277776718
627,1,0,0.7311966419219971,-0.07826673984527588,-0.12835592031478882
628,1,0,0.7232943773269653,-0.08894053101539612,-0.12787286937236786
629,1,0,0.6993011832237244,-0.10386873781681061,-0.12967172265052795
630,1,0,0.706044614315033,-0.10593228787183762,-0.12793520092964172
631,1,0,0.7325083017349243,-0.10468556731939316,-0.12443847954273224
632,1,0,0.7556397914886475,-0.08785520493984222,-0.1259569525718689
633,1,0,0.7700782418251038,-0.08565445244312286,-0.12474250048398972
634,1,0,0.7972912192344666,-0.08588767051696777,-0.12434913963079453
635,1,0,0.8227494955062866,-0.07948419451713562,-0.11641184240579605
636,1,0,0.8490736484527588,-0.0771317332983017,-0.10576044023036957
637,1,0,0.8664007186889648,-0.08522175997495651,-0.0978279560804367
638,1,0,0.8875754475593567,-0.08484800904989243,-0.09518934786319733
639,1,0,0.9016191363334656,-0.06788688153028488,-0.09295351803302765
640,1,0,0.90121990442276,-0.07905009388923645,-0.07793562114238739
641,1,0,0.901258111000061,-0.08909813314676285,-0.06676999479532242
642,1,0,0.9023836255073547,-0.09216459095478058,-0.060373932123184204
643,1,0,0.896870493888855,-0.08416543155908585,-0.05557623505592346
644,1,0,0.8859213590621948,-0.06421062350273132,-0.05513719841837883
645,1,0,0.8783955574035645,-0.06319560110569,-0.06288906186819077
646,1,0,0.8938932418823242,-0.07432028651237488,-0.07194941490888596
647,1,0,0.8964487314224243,-0.07209638506174088,-0.06686792522668839
648,1,0,0.8903342485427856,-0.07622085511684418,-0.060469865798950195
649,1,0,0.8624386191368103,-0.0588056817650795,-0.07852597534656525
650,1,0,0.8071426749229431,-0.25398117303848267,-0.052831195294857025
651,1,0,0.8178147077560425,-0.28795650601387024,-0.04649325832724571
652,1,0,0.8035104274749756,-0.28902778029441833,-0.045798465609550476
653,1,0,0.7566912174224854,-0.2720487117767334,-0.053828731179237366
654,1,0,0.6884095668792725,-0.2205275595188141,-0.0674743801355362
655,1,0,0.6419429779052734,-0.1354580819606781,-0.07960636913776398
656,1,0,0.6245651841163635,-0.06396268308162689,-0.08774998039007187
657,1,0,0.6407256722450256,-0.04468796029686928,-0.08883602172136307
658,1,0,0.7052146792411804,-0.04492506757378578,-0.08588732779026031
659,1,0,0.7902711033821106,-0.06666795909404755,-0.07062521576881409
660,1,0,0.8761623501777649,-0.06428132951259613,-0.08133657276630402
661,1,0,0.8945950865745544,-0.0826541855931282,-0.08191832154989243
662,1,0,0.9041332006454468,-0.08172759413719177,-0.08582086861133575
663,1,0,0.9079418778419495,-0.08129265904426575,-0.08545451611280441
664,1,0,0.91279536485672,-0.08959232270717621,-0.08257342129945755
665,1,0,0.9164831042289734,-0.08990911394357681,-0.07915433496236801
666,1,0,0.9195126295089722,-0.09349248558282852,-0.08024568855762482
667,1,0,0.9212480783462524,-0.09393221139907837,-0.08369319140911102
668,1,0,0.9214929342269897,-0.10598744451999664,-0.0774986743927002
669,1,0,0.9204965829849243,-0.11043503135442734,-0.07200827449560165
670,1,0,0.9165827631950378,-0.10422681272029877,-0.06945925205945969
671,1,0,0.9213247895240784,-0.11472687870264053,-0.07336993515491486
672,1,0,0.9215677976608276,-0.11320419609546661,-0.07244948297739029
673,1,0,0.9147353172302246,-0.10991319268941879,-0.07072413712739944
674,1,0,0.9072515368461609,-0.1155686005949974,-0.07310976833105087
675,1,0,0.9022734761238098,-0.1250704526901245,-0.07764621824026108
676,1,0,0.8992829322814941,-0.13060735166072845,-0.08413797616958618
677,1,0,0.9097599387168884,-0.16067233681678772,-0.09282524883747101
678,1,0,0.9072592854499817,-0.160091370344162,-0.09176068753004074
679,1,0,0.9011589884757996,-0.16479788720607758,-0.08343414217233658
680,1,0,0.8994753360748291,-0.17775017023086548,-0.07857515662908554
681,1,0,0.9023013114929199,-0.17595139145851135,-0.07061004638671875
682,1,0,0.9018964767456055,-0.1654651015996933,-0.061923399567604065
683,1,0,0.8924275040626526,-0.14719317853450775,-0.05312828719615936
684,1,0,0.8891356587409973,-0.14326933026313782,-0.05193362757563591
685,1,0,0.8872953653335571,-0.12409227341413498,-0.05385858938097954
686,1,0,0.8630601167678833,-0.07551100850105286,-0.060250747948884964
687,1,0,0.8384878635406494,-0.03764107823371887,-0.07425367832183838
688,1,0,0.8079649806022644,-0.011590181849896908,-0.08079785108566284
689,1,0,0.7640665173530579,0.01718604937195778,-0.07585012167692184
690,1,0,0.7299174070358276,0.03672964498400688,-0.06824100017547607
691,1,0,0.6368775367736816,0.055584367364645004,-0.06534793227910995
692,1,0,0.4967188835144043,0.06125781685113907,-0.05262283235788345
700,1,0,0.7846267223358154,-0.11669094860553741,-0.07764780521392822
701,1,0,0.7998235821723938,-0.11624398082494736,-0.08785290271043777
702,1,0,0.7902783751487732,-0.10712079703807831,-0.09961405396461487
703,1,0,0.8165805339813232,-0.08924610167741776,-0.12218578904867172
704,1,0,0.8506999015808105,-0.04214807227253914,-0.1466614007949829
705,1,0,0.8806021213531494,-0.05421483889222145,-0.16380567848682404
706,1,0,0.8725830912590027,-0.02093036286532879,-0.1726476550102234
707,1,0,0.8724477887153625,-0.01066119410097599,-0.1875382661819458
708,1,0,0.8639606237411499,-0.002483455929905176,-0.1951521635055542
709,1,0,0.8602166175842285,-0.019351163879036903,-0.187224343419075
710,1,0,0.8540188670158386,-0.04295799508690834,-0.1818942278623581
711,1,0,0.8440651297569275,-0.05779480189085007,-0.16811691224575043
712,1,0,0.8353692293167114,-0.06413847953081131,-0.16508176922798157
713,1,0,0.8356468081474304,-0.05818871036171913,-0.17574931681156158
714,1,0,0.816472589969635,-0.05516298487782478,-0.1687707006931305
715,1,0,0.8011785745620728,-0.0719575434923172,-0.16209933161735535
716,1,0,0.7993826866149902,-0.07714924216270447,-0.1582253873348236
717,1,0,0.7960939407348633,-0.08654584735631943,-0.14821681380271912
718,1,0,0.7926903963088989,-0.09017550200223923,-0.13798440992832184
719,1,0,0.7849712371826172,-0.10122235864400864,-0.1287151277065277
720,1,0,0.7972123622894287,-0.11139082163572311,-0.12248925864696503
721,1,0,0.8234373927116394,-0.09232126176357269,-0.12099325656890869
722,1,0,0.8197525143623352,-0.08860732614994049,-0.113591268658638
723,1,0,0.8094007968902588,-0.09076297283172607,-0.10619847476482391
724,1,0,0.8178738355636597,-0.08416710048913956,-0.09974167495965958
725,1,0,0.8267375230789185,-0.0786072239279747,-0.09897144883871078
726,1,0,0.8140663504600525,-0.08529303222894669,-0.08823475986719131
727,1,0,0.8087491989135742,-0.1022232249379158,-0.0839080959558487
728,1,0,0.8287534713745117,-0.13260401785373688,-0.08132115751504898
729,1,0,0.8487623929977417,-0.15882651507854462,-0.07912486791610718
730,1,0,0.8745320439338684,-0.16915810108184814,-0.08888997882604599
731,1,0,0.8776534795761108,-0.1707097291946411,-0.08732176572084427
732,1,0,0.8788174986839294,-0.16917943954467773,-0.08633630722761154
733,1,0,0.8741230964660645,-0.14574597775936127,-0.08681479841470718
734,1,0,0.8375986814498901,-0.06960020214319229,-0.08680874109268188
735,1,0,0.7912207841873169,0.039238739758729935,-0.09371417760848999
736,1,0,0.7443352937698364,0.14363029599189758,-0.1104392558336258
737,1,0,0.7049863338470459,0.22712302207946777,-0.129331573843956
738,1,0,0.6910532712936401,0.28613585233688354,-0.1497577428817749
739,1,0,0.7521787881851196,0.4365781545639038,-0.1960475742816925
740,1,0,0.7564780712127686,0.4376942217350006,-0.20464012026786804
741,1,0,0.7415560483932495,0.38828036189079285,-0.18588368594646454
742,1,0,0.7289706468582153,0.36779749393463135,-0.17003133893013
743,1,0,0.7048056125640869,0.3441072106361389,-0.15397408604621887
744,1,0,0.6760216951370239,0.3248499929904938,-0.1409226357936859
745,1,0,0.6418532133102417,0.29608047008514404,-0.1356927901506424
746,1,0,0.6010135412216187,0.27916309237480164,-0.11589447408914566
747,1,0,0.5733760595321655,0.2706368863582611,-0.09723068028688431
748,1,0,0.553429365158081,0.2611795663833618,-0.09371352195739746
749,1,0,0.5186762809753418,0.24376019835472107,-0.10301215946674347
750,1,0,0.658109188079834,0.10002114623785019,-0.12790709733963013
751,1,0,0.6579493284225464,0.09950122237205505,-0.11638575792312622
752,1,0,0.5946117639541626,0.10097505152225494,-0.11161775141954422
753,1,0,0.5381373167037964,0.10647833347320557,-0.11311479657888412
754,1,0,0.47841131687164307,0.11826150864362717,-0.11813470721244812
758,1,0,0.5619287490844727,0.38829687237739563,-0.1918676495552063
759,1,0,0.6023035049438477,0.3250425457954407,-0.19963304698467255
760,1,0,0.6283075213432312,0.3084050118923187,-0.1938464194536209
761,1,0,0.6107432842254639,0.2876572012901306,-0.17285703122615814
762,1,0,0.5520466566085815,0.22295190393924713,-0.13985180854797363
763,1,0,0.4640415906906128,0.1667488068342209,-0.11532493680715561
777,0,0,0.02652151882648468,0.514255702495575,-0.1122284084558487
785,1,0,0.4435245394706726,-0.2613810896873474,0.02808983623981476
800,1,0,0.4207685589790344,0.2550698220729828,-0.14963696897029877
801,1,0,0.45592471957206726,0.2931281626224518,-0.14934158325195312
802,1,0,0.5103998184204102,0.2807409465312958,-0.14784248173236847
803,1,0,0.6369885206222534,0.34700462222099304,-0.1757449060678482
804,1,0,0.6454146504402161,0.3474002480506897,-0.17407280206680298
805,1,0,0.6091432571411133,0.29159870743751526,-0.1482672393321991
806,1,0,0.6102030277252197,0.304341584444046,-0.13616235554218292
807,1,0,0.5794448852539062,0.3130378723144531,-0.13446341454982758
808,1,0,0.5641152262687683,0.3093447983264923,-0.1354566365480423
809,1,0,0.5832668542861938,0.2948273718357086,-0.13641449809074402
810,1,0,0.6173820495605469,0.28746190667152405,-0.1384667307138443
811,1,0,0.6948778629302979,0.33827877044677734,-0.1610664427280426
812,1,0,0.7372301816940308,0.3255540132522583,-0.16827292740345
813,1,0,0.733871579170227,0.32193487882614136,-0.1610199362039566
814,1,0,0.7440340518951416,0.3382612466812134,-0.16069476306438446
815,1,0,0.7677737474441528,0.359995037317276,-0.16543608903884888
816,1,0,0.7634400129318237,0.34502992033958435,-0.16093122959136963
817,1,0,0.7127776145935059,0.3287845253944397,-0.142131969332695
818,1,0,0.6639763116836548,0.3064686059951782,-0.12833628058433533
819,1,0,0.6137975454330444,0.24987263977527618,-0.12164317816495895
820,1,0,0.5770050287246704,0.19181959331035614,-0.1232907623052597
821,1,0,0.553652286529541,0.18346373736858368,-0.11174584925174713
822,1,0,0.5164889693260193,0.17324936389923096,-0.1071140468120575
823,1,0,0.4674853980541229,0.1746511459350586,-0.10311992466449738
826,1,0,0.5165369510650635,0.15893520414829254,-0.10149204730987549
827,1,0,0.5168972015380859,0.1593918800354004,-0.10408516973257065
828,1,0,0.5763315558433533,0.1511300802230835,-0.10916683077812195
829,1,0,0.6971319913864136,0.18541985750198364,-0.12279541790485382
830,1,0,0.7218946814537048,0.12887004017829895,-0.12335143983364105
831,1,0,0.7314543724060059,0.11100372672080994,-0.11953438818454742
832,1,0,0.7640072107315063,0.11492867767810822,-0.12411119788885117
833,1,0,0.7892196178436279,0.07583517581224442,-0.12400765717029572
834,1,0,0.7791644334793091,0.1008729636669159,-0.12288905680179596
835,1,0,0.7675493359565735,0.14325949549674988,-0.12252818048000336
836,1,0,0.754405677318573,0.18046194314956665,-0.11897069960832596
837,1,0,0.7280377149581909,0.15630193054676056,-0.10375002771615982
838,1,0,0.6776889562606812,0.11193542927503586,-0.08391129970550537
839,1,0,0.6232682466506958,0.05719009041786194,-0.07553119957447052
840,1,0,0.6306419968605042,-0.014357884414494038,-0.0671536847949028
841,1,0,0.5733947157859802,-0.03709876537322998,-0.05328560248017311
842,1,0,0.5155056118965149,-0.049896471202373505,-0.026260487735271454
851,1,0,0.5132696032524109,0.07468281686306,-0.07407678663730621
853,1,0,0.4634188115596771,0.2658679187297821,-0.11741894483566284
854,1,0,0.5251960754394531,0.41171422600746155,-0.15761026740074158
855,1,0,0.6455844044685364,0.5036404728889465,-0.1939002126455307
856,1,0,0.6016713380813599,0.5027918219566345,-0.1797511726617813
857,1,0,0.5827940702438354,0.4974637031555176,-0.1735575944185257
858,1,0,0.5824307799339294,0.4902828335762024,-0.17520728707313538
859,1,0,0.553109884262085,0.475226491689682,-0.17232637107372284
860,1,0,0.5144448280334473,0.4298700988292694,-0.1689441204071045
861,1,0,0.4807804524898529,0.3939650058746338,-0.16172587871551514
862,1,0,0.4660736918449402,0.3663147985935211,-0.15414763987064362
863,1,0,0.49269503355026245,0.32770922780036926,-0.14637169241905212
864,1,0,0.6187303066253662,0.3334396183490753,-0.1667247861623764
865,1,0,0.6226217746734619,0.30619579553604126,-0.16342180967330933
866,1,0,0.6197623014450073,0.2598486840724945,-0.1428435891866684
867,1,0,0.641983151435852,0.22750823199748993,-0.13685385882854462
868,1,0,0.6250407695770264,0.21991604566574097,-0.13692328333854675
869,1,0,0.618951678276062,0.20531822741031647,-0.1258208304643631
870,1,0,0.6339457035064697,0.21339046955108643,-0.12136464565992355
871,1,0,0.6207287311553955,0.24069206416606903,-0.12289515882730484
872,1,0,0.663387656211853,0.3194693922996521,-0.13213828206062317
873,1,0,0.6526849269866943,0.328431636095047,-0.13367407023906708
874,1,0,0.659631609916687,0.32091885805130005,-0.1366986483335495
875,1,0,0.6943234801292419,0.3091002404689789,-0.15186864137649536
876,1,0,0.6955630779266357,0.32410910725593567,-0.16373243927955627
877,1,0,0.6937306523323059,0.30893170833587646,-0.15567241609096527
878,1,0,0.7138568758964539,0.2899647653102875,-0.15175531804561615
879,1,0,0.7596893906593323,0.24545617401599884,-0.1611786037683487
880,1,0,0.7355870008468628,0.2376396656036377,-0.1513863354921341
881,1,0,0.6932133436203003,0.254789263010025,-0.14690062403678894
882,1,0,0.6455273032188416,0.2605789303779602,-0.150066077709198
883,1,0,0.6281071305274963,0.2853887975215912,-0.16183242201805115
884,1,0,0.6158541440963745,0.2691419720649719,-0.16888639330863953
885,1,0,0.5743975639343262,0.2245388776063919,-0.15359313786029816
886,1,0,0.5345457792282104,0.16215869784355164,-0.14004892110824585
887,1,0,0.5032519698143005,0.12038415670394897,-0.12911319732666016
893,1,0,0.5356783270835876,-0.08644984662532806,-0.0633351281285286
894,1,0,0.5559855699539185,-0.09556981921195984,-0.05981440097093582
895,1,0,0.5717676281929016,-0.08684754371643066,-0.06871155649423599
896,1,0,0.5337927937507629,-0.11339092254638672,-0.060660507529973984
897,1,0,0.5280603170394897,-0.13768303394317627,-0.06194029748439789
898,1,0,0.567703366279602,-0.11973975598812103,-0.08301738649606705
899,1,0,0.505662739276886,-0.08518147468566895,-0.10775355994701385
925,1,0,0.5099494457244873,0.3963421881198883,-0.10881771892309189
926,1,0,0.529017448425293,0.3938179314136505,-0.11431542783975601
927,1,0,0.5139228105545044,0.38347819447517395,-0.11376704275608063
928,1,0,0.510334312915802,0.3760015368461609,-0.12227190285921097
929,1,0,0.4993054270744324,0.39244502782821655,-0.1367047131061554
930,1,0,0.45461583137512207,0.4013596773147583,-0.1351250410079956
931,1,0,0.4205182194709778,0.4050882160663605,-0.14080241322517395
932,1,0,0.41398805379867554,0.390140175819397,-0.13145959377288818
933,1,0,0.4125772714614868,0.4013301432132721,-0.12686964869499207
934,1,0,0.4245104491710663,0.3985818922519684,-0.12948013842105865
935,1,0,0.5677881240844727,0.43707147240638733,-0.16011090576648712
936,1,0,0.5858079791069031,0.44027891755104065,-0.17402100563049316
937,1,0,0.6442391872406006,0.4750130772590637,-0.19436070322990417
938,1,0,0.6720161437988281,0.4465335011482239,-0.19488385319709778
939,1,0,0.6799705028533936,0.4324883818626404,-0.19793567061424255
940,1,0,0.6976949572563171,0.4235631823539734,-0.19777227938175201
941,1,0,0.694166898727417,0.3852076530456543,-0.18924660980701447
942,1,0,0.6564143300056458,0.33509498834609985,-0.17778058350086212
943,1,0,0.6337646842002869,0.31459420919418335,-0.17409200966358185
944,1,0,0.5292258262634277,0.3708754777908325,-0.16607379913330078
945,1,0,0.45282986760139465,0.36961427330970764,-0.16250590980052948
946,1,0,0.43656283617019653,0.36746060848236084,-0.16296547651290894
947,1,0,0.38631319999694824,0.3644348680973053,-0.15572130680084229
948,1,0,0.336408406496048,0.3366045653820038,-0.1621677577495575
954,1,0,0.3590013384819031,0.3361417055130005,-0.1662999391555786
955,1,0,0.36629271507263184,0.31729480624198914,-0.14567653834819794
956,1,0,0.4211798310279846,0.2848014533519745,-0.13083310425281525
957,1,0,0.5333724021911621,0.277599036693573,-0.13245750963687897
958,1,0,0.49015694856643677,0.2506045401096344,-0.11011660844087601
959,1,0,0.45829853415489197,0.23027656972408295,-0.09005404263734818
960,1,0,0.45719683170318604,0.20863837003707886,-0.07859478890895844
961,1,0,0.479071706533432,0.16537374258041382,-0.07704561948776245
962,1,0,0.5420432686805725,0.13533799350261688,-0.0906294584274292
963,1,0,0.577495276927948,0.12480567395687103,-0.1022786945104599
964,1,0,0.5689876079559326,0.1329287588596344,-0.10888827592134476
965,1,0,0.6184592247009277,0.16844549775123596,-0.14265435934066772
966,1,0,0.6539446115493774,0.10648918896913528,-0.14296898245811462
967,1,0,0.6513290405273438,0.10007833689451218,-0.1374242752790451
968,1,0,0.6239553093910217,0.1086876168847084,-0.12655435502529144
969,1,0,0.6241598725318909,0.1030518114566803,-0.1262107640504837
970,1,0,0.6573638916015625,0.1259942650794983,-0.13901200890541077
971,1,0,0.6526281833648682,0.14192387461662292,-0.13599994778633118
972,1,0,0.6390982866287231,0.14700667560100555,-0.126016303896904
973,1,0,0.6483659744262695,0.16046273708343506,-0.12545329332351685
974,1,0,0.6297019720077515,0.12525081634521484,-0.11043432354927063
975,1,0,0.6374756097793579,0.08565880358219147,-0.10125290602445602
976,1,0,0.6657301187515259,0.05614406615495682,-0.10059276223182678
977,1,0,0.6991389989852905,0.04030291363596916,-0.10839250683784485
978,1,0,0.8081337213516235,-0.043691668659448624,-0.1276872754096985
979,1,0,0.830702543258667,-0.009342331439256668,-0.14045675098896027
980,1,0,0.8122900724411011,0.00271425093524158,-0.1338604986667633
981,1,0,0.7980363965034485,0.011007449589669704,-0.12002987414598465
982,1,0,0.789675235748291,0.016201894730329514,-0.11670179665088654
983,1,0,0.7813858985900879,0.02752739191055298,-0.11636973917484283
984,1,0,0.7840549945831299,0.04691131412982941,-0.11365838348865509
985,1,0,0.7796125411987305,0.059180546551942825,-0.11350024491548538
986,1,0,0.7561157941818237,0.06531152129173279,-0.1014978215098381
987,1,0,0.6912074089050293,0.10401394218206406,-0.08679283410310745
988,1,0,0.6538258790969849,0.1172163262963295,-0.06660406291484833
989,1,0,0.6335234642028809,0.14844954013824463,-0.052488408982753754
990,1,0,0.5907362103462219,0.15944671630859375,-0.038449909538030624
991,1,0,0.5753878355026245,0.17580938339233398,-0.031345706433057785
992,1,0,0.5451990962028503,0.17767153680324554,-0.020130537450313568
993,1,0,0.49143463373184204,0.16755668818950653,-0.00805936474353075
1001,1,0,0.37532058358192444,0.5511785745620728,-0.21239247918128967
1002,1,0,0.4997314512729645,0.5339020490646362,-0.21828004717826843
1003,1,0,0.481383353471756,0.422853022813797,-0.19857077300548553
1004,1,0,0.44424331188201904,0.36580103635787964,-0.18834848701953888
1005,1,0,0.36198872327804565,0.32505252957344055,-0.17892202734947205
1025,0,0,0.38309234380722046,0.3739478886127472,-0.22121518850326538
1026,0,0,0.3988950550556183,0.36873555183410645,-0.2285863757133484
1027,0,0,0.3521040976047516,0.3368448317050934,-0.21676142513751984
1029,1,0,0.46577468514442444,0.16190370917320251,-0.14377985894680023
1030,1,0,0.6024016737937927,0.24884368479251862,-0.16341125965118408
1031,1,0,0.616470217704773,0.25081443786621094,-0.17300216853618622
1032,1,0,0.6201269626617432,0.2520480155944824,-0.17324671149253845
1033,1,0,0.600673496723175,0.24321140348911285,-0.17415516078472137
1034,1,0,0.6464130878448486,0.2490995079278946,-0.17496877908706665
1035,1,0,0.6438806056976318,0.22736039757728577,-0.17459268867969513
1036,1,0,0.6490699648857117,0.2334044873714447,-0.17270538210868835
1037,1,0,0.6410806179046631,0.229792520403862,-0.16634558141231537
1038,1,0,0.6136540174484253,0.21831014752388,-0.15566064417362213
1039,1,0,0.5346043109893799,0.2028179168701172,-0.1403292864561081
1040,1,0,0.4646349847316742,0.19039632380008698,-0.11705931276082993
1050,1,0,0.7434465885162354,-0.12407374382019043,-0.09673914313316345
1051,1,0,0.8298094272613525,-0.03465135395526886,-0.1540297120809555
1052,1,0,0.8373547792434692,-0.03453904762864113,-0.1590273231267929
1053,1,0,0.8427437543869019,-0.030133353546261787,-0.156322181224823
1054,1,0,0.8682934045791626,0.020882535725831985,-0.1735781729221344
1055,1,0,0.8571513295173645,0.02609383687376976,-0.16832631826400757
1056,1,0,0.8576580286026001,0.02157929539680481,-0.1726750284433365
1057,1,0,0.8627231121063232,-0.024182038381695747,-0.1706472784280777
1058,1,0,0.8541988730430603,-0.04351438954472542,-0.16389776766300201
1059,1,0,0.845020055770874,-0.04353315383195877,-0.15620878338813782
1060,1,0,0.8524053692817688,-0.06477475166320801,-0.16519701480865479
1061,1,0,0.8530247211456299,-0.06670063734054565,-0.17196981608867645
1062,1,0,0.8521559238433838,-0.05187099426984787,-0.1760285198688507
1063,1,0,0.8504060506820679,-0.04796495661139488,-0.17055153846740723
1064,1,0,0.8528163433074951,-0.05543160438537598,-0.16894161701202393
1065,1,0,0.8559452295303345,-0.06734135001897812,-0.168288916349411
1066,1,0,0.8584879636764526,-0.07029427587985992,-0.17242684960365295
1067,1,0,0.8605220913887024,-0.07293723523616791,-0.1773369312286377
1068,1,0,0.8620632290840149,-0.08300095051527023,-0.17393265664577484
1069,1,0,0.8712351322174072,-0.0992169976234436,-0.17401647567749023
1070,1,0,0.8779532313346863,-0.11363483220338821,-0.163950577378273
1071,1,0,0.8835272192955017,-0.1181197389960289,-0.1586412638425827
1072,1,0,0.8926037549972534,-0.11189251393079758,-0.16512678563594818
1073,1,0,0.8900896906852722,-0.11382488161325455,-0.1594626009464264
1074,1,0,0.887136697769165,-0.11879750341176987,-0.158967986702919
1075,1,0,0.8878292441368103,-0.13490252196788788,-0.15847651660442352
1076,1,0,0.89702308177948,-0.1294882744550705,-0.1618809551000595
1077,1,0,0.893761932849884,-0.11836850643157959,-0.1562514752149582
1078,1,0,0.8934297561645508,-0.11296632885932922,-0.148455411195755
1079,1,0,0.8955261707305908,-0.10781565308570862,-0.14751839637756348
1080,1,0,0.8904910087585449,-0.10493006557226181,-0.14511503279209137
1081,1,0,0.8830335140228271,-0.09163611382246017,-0.1406955122947693
1082,1,0,0.8883910775184631,-0.08182872831821442,-0.14726102352142334
1083,1,0,0.8918357491493225,-0.08796222507953644,-0.1505906730890274
1084,1,0,0.8892387747764587,-0.08885232359170914,-0.1543181836605072
1085,1,0,0.888054609298706,-0.10695081949234009,-0.14372095465660095
1086,1,0,0.8903405070304871,-0.12971408665180206,-0.12282613664865494
1087,1,0,0.8911296129226685,-0.1356002241373062,-0.11189422756433487
1088,1,0,0.8940137624740601,-0.14058715105056763,-0.10355690866708755
1089,1,0,0.896052360534668,-0.12931764125823975,-0.10587786138057709
1090,1,0,0.8881608843803406,-0.126372829079628,-0.09791157394647598
1091,1,0,0.8625332117080688,-0.10373686999082565,-0.09292329102754593
1092,1,0,0.809693455696106,-0.0403592512011528,-0.10802942514419556
1093,1,0,0.7379710078239441,0.043380219489336014,-0.11780017614364624
1094,1,0,0.680595874786377,0.09136392176151276,-0.12619301676750183
1095,1,0,0.6833311319351196,0.1046941876411438,-0.13837110996246338
1096,1,0,0.7251021265983582,0.12471988797187805,-0.13981790840625763
1097,1,0,0.8141581416130066,0.10280877351760864,-0.1380745768547058
1098,1,0,0.8014971017837524,0.10629720240831375,-0.13781483471393585
1099,1,0,0.7641383409500122,0.09999942779541016,-0.1169806495308876
1100,1,0,0.7978214621543884,-0.2930397391319275,-0.022827735170722008
1101,1,0,0.8353619575500488,-0.32407286763191223,-0.03095868043601513
1102,1,0,0.8502742648124695,-0.35255149006843567,-0.028295643627643585
1103,1,0,0.8644942045211792,-0.35241833329200745,-0.027906009927392006
1104,1,0,0.8694276809692383,-0.35424864292144775,-0.022090215235948563
1105,1,0,0.869248628616333,-0.35405978560447693,-0.01609955169260502
1106,1,0,0.8827897310256958,-0.34649765491485596,-0.024045495316386223
1107,1,0,0.8803545832633972,-0.3281545639038086,-0.027727516368031502
1108,1,0,0.8544448614120483,-0.29166290163993835,-0.03070717304944992
1109,1,0,0.832047700881958,-0.2631325125694275,-0.03969590738415718
1110,1,0,0.8249114751815796,-0.20326285064220428,-0.0648977980017662
1111,1,0,0.8444864153862,-0.13693571090698242,-0.10068569332361221
1112,1,0,0.8413622975349426,-0.07078588753938675,-0.1370062232017517
1113,1,0,0.8305884003639221,-0.06213062256574631,-0.13682399690151215
1114,1,0,0.8327295780181885,-0.0918571874499321,-0.12572549283504486
1115,1,0,0.8366378545761108,-0.1149495542049408,-0.11578179895877838
1116,1,0,0.856387197971344,-0.11326371878385544,-0.11695093661546707
1117,1,0,0.862366259098053,-0.12550167739391327,-0.11476500332355499
1118,1,0,0.8707972168922424,-0.12554898858070374,-0.11313113570213318
1119,1,0,0.8875014185905457,-0.1243814080953598,-0.11680907756090164
1120,1,0,0.8850118517875671,-0.10806884616613388,-0.11643052101135254
1121,1,0,0.8863828182220459,-0.10773647576570511,-0.10653793066740036
1122,1,0,0.8945052623748779,-0.10469047725200653,-0.1037466898560524
1123,1,0,0.8936066627502441,-0.08294668793678284,-0.1120278462767601
1124,1,0,0.8906859755516052,-0.09227663278579712,-0.1008683443069458
1125,1,0,0.8921922445297241,-0.13262556493282318,-0.07628791034221649
1126,1,0,0.894788920879364,-0.15275338292121887,-0.06386552006006241
1127,1,0,0.8974630832672119,-0.1634208709001541,-0.0548492856323719
1128,1,0,0.9022170305252075,-0.159119114279747,-0.05513356626033783
1129,1,0,0.8978855013847351,-0.1490185707807541,-0.05218823626637459
1130,1,0,0.8973360061645508,-0.14311841130256653,-0.05048699304461479
1131,1,0,0.8960580229759216,-0.14967624843120575,-0.044542714953422546
1132,1,0,0.9009900689125061,-0.1526249498128891,-0.045539870858192444
1133,1,0,0.8968417048454285,-0.15293002128601074,-0.03772124648094177
1134,1,0,0.8991008996963501,-0.15734244883060455,-0.034288156777620316
1135,1,0,0.9028670787811279,-0.15229134261608124,-0.038158442825078964
1136,1,0,0.8866447806358337,-0.19250354170799255,-0.023171624168753624
1137,1,0,0.8608580827713013,-0.17008599638938904,-0.025517316535115242
1138,1,0,0.7817392945289612,-0.15188364684581757,-0.07450828701257706
1139,1,0,0.6498485803604126,-0.12334712594747543,-0.10485189408063889
1140,1,0,0.5033385753631592,-0.07049299031496048,-0.10842259973287582
1147,1,0,0.5353061556816101,0.058347929269075394,-0.07200819998979568
1148,1,0,0.6877819299697876,0.10448600351810455,-0.06459857523441315
1149,1,0,0.6768207550048828,0.13096784055233002,-0.06266020983457565
1150,1,0,0.6678580045700073,-0.02366008423268795,-0.09022758901119232
1151,1,0,0.729849100112915,0.04851936548948288,-0.13656830787658691
1152,1,0,0.7625521421432495,0.058009564876556396,-0.128970205783844
1153,1,0,0.7842229604721069,0.02169152908027172,-0.12601250410079956
1154,1,0,0.8067932724952698,0.0031588010024279356,-0.11372699588537216
1155,1,0,0.846179723739624,-0.017150817438960075,-0.10153274983167648
1156,1,0,0.8278988003730774,-0.026955507695674896,-0.10793153196573257
1157,1,0,0.8138743042945862,-0.04971403628587723,-0.10989546030759811
1158,1,0,0.811812162399292,-0.06227530911564827,-0.1149229109287262
1159,1,0,0.8058792352676392,-0.047785643488168716,-0.1225217804312706
1160,1,0,0.8085228204727173,-0.046051934361457825,-0.10964782536029816
1161,1,0,0.8070966601371765,-0.06690956652164459,-0.09897615760564804
1162,1,0,0.8104569911956787,-0.08061274886131287,-0.09004664421081543
1163,1,0,0.8212553262710571,-0.082634337246418,-0.08110105991363525
1164,1,0,0.8269006013870239,-0.06898335367441177,-0.07341567426919937
1165,1,0,0.825093686580658,-0.05873054265975952,-0.07515589147806168
1166,1,0,0.8145451545715332,-0.0488264262676239,-0.09167692810297012
1167,1,0,0.8211380839347839,-0.034338559955358505,-0.10993939638137817
1168,1,0,0.8038828372955322,-0.032829511910676956,-0.11373116075992584
1169,1,0,0.7742539644241333,-0.05156102403998375,-0.11414680629968643
1170,1,0,0.7593395709991455,-0.06921650469303131,-0.10537632554769516
1171,1,0,0.7643351554870605,-0.0899740606546402,-0.09991275519132614
1172,1,0,0.7801778316497803,-0.09756093472242355,-0.09765924513339996
1173,1,0,0.789740800857544,-0.09509926289319992,-0.091007761657238
1174,1,0,0.8063552975654602,-0.09171877056360245,-0.07962320744991302
1175,1,0,0.8543785214424133,-0.08534195274114609,-0.06098015233874321
1176,1,0,0.8662009835243225,-0.06866803020238876,-0.05503247678279877
1177,1,0,0.8603745698928833,-0.08165054023265839,-0.04759647324681282
1178,1,0,0.8710957765579224,-0.09731446206569672,-0.0427907295525074
1179,1,0,0.8735203146934509,-0.11490435153245926,-0.03503049165010452
1180,1,0,0.8795613646507263,-0.13332027196884155,-0.02331085130572319
1181,1,0,0.8846186995506287,-0.14796364307403564,-0.01567121408879757
1182,1,0,0.8831698298454285,-0.17017999291419983,-0.01649661362171173
1183,1,0,0.8935991525650024,-0.18832074105739594,-0.016778117045760155
1184,1,0,0.9119324088096619,-0.19713324308395386,-0.018697168678045273
1185,1,0,0.9100872874259949,-0.2040068507194519,-0.014600766822695732
1186,1,0,0.9090225696563721,-0.20522642135620117,-0.014266484417021275
1187,1,0,0.9126200079917908,-0.21272073686122894,-0.01719476655125618
1188,1,0,0.9140467047691345,-0.20213842391967773,-0.02137044258415699
1189,1,0,0.9055678844451904,-0.19301697611808777,-0.020043110474944115
1190,1,0,0.9033899903297424,-0.18538978695869446,-0.02625264786183834
1191,1,0,0.9086558818817139,-0.1546851098537445,-0.03396512567996979
1192,1,0,0.9019187092781067,-0.14127379655838013,-0.0305788554251194
1193,1,0,0.8874319791793823,-0.11065619438886642,-0.022341005504131317
1194,1,0,0.8714542388916016,-0.053262073546648026,-0.023789215832948685
1195,1,0,0.8644068837165833,-0.007597274146974087,-0.03066377528011799
1196,1,0,0.8689672946929932,0.035420116037130356,-0.03724975511431694
1197,1,0,0.8579232096672058,0.03570697829127312,-0.03287480026483536
1198,1,0,0.8174306750297546,-0.008212847635149956,-0.027337126433849335
1199,1,0,0.7500702738761902,-0.046298690140247345,-0.050017163157463074
1200,1,0,0.5690224170684814,-0.20886264741420746,-0.029801486060023308
1201,1,0,0.5731406211853027,-0.2195742130279541,-0.020636266097426414
1202,1,0,0.5740361213684082,-0.2382686287164688,-0.004038803745061159
1203,1,0,0.6133325099945068,-0.2510358691215515,0.00478097889572382
1204,1,0,0.5966134667396545,-0.25989872217178345,0.013190755620598793
1205,1,0,0.5557643175125122,-0.2525658905506134,0.007890857756137848
1206,1,0,0.5041881203651428,-0.23755080997943878,-0.0009960603201761842
1212,1,0,0.5812634229660034,-0.1556238830089569,0.021057026460766792
1213,1,0,0.740303635597229,-0.13970662653446198,0.029451485723257065
1214,1,0,0.7126953601837158,-0.16755852103233337,0.03878743201494217
1215,1,0,0.6877795457839966,-0.1470356285572052,0.0344778373837471
1216,1,0,0.6534610986709595,-0.1007729098200798,0.036229006946086884
1217,1,0,0.627023458480835,-0.09105904400348663,0.03149738162755966
1218,1,0,0.5978820323944092,-0.07899335026741028,0.022983400151133537
1219,1,0,0.5898113250732422,-0.009944971650838852,0.014749976806342602
1220,1,0,0.5554972290992737,-0.055776361376047134,0.0154001759365201
1221,1,0,0.5401542782783508,-0.09531990438699722,0.012762516736984253
1222,1,0,0.5310162305831909,-0.1317199468612671,0.01797168143093586
1223,1,0,0.49677911400794983,-0.12148767709732056,0.025370970368385315
1232,1,0,0.44819554686546326,0.3182576894760132,-0.02198253571987152
1233,1,0,0.4395492672920227,0.27852538228034973,-0.017947176471352577
1244,1,0,0.35518717765808105,0.4288059175014496,-0.08183973282575607
1245,1,0,0.43949079513549805,0.5256292223930359,-0.10083471238613129
1246,1,0,0.4141649007797241,0.4895564317703247,-0.09435971081256866
1247,1,0,0.37673988938331604,0.4871959388256073,-0.09488197416067123
1248,1,0,0.3264954388141632,0.4602929353713989,-0.10231131315231323
1249,1,0,0.3106692433357239,0.4460090100765228,-0.12185875326395035
1256,1,0,0.5514382123947144,0.08128634095191956,-0.1187661662697792
1257,1,0,0.577045202255249,0.1685369461774826,-0.14046192169189453
1258,1,0,0.5977336168289185,0.14125746488571167,-0.12756240367889404
1259,1,0,0.6593390703201294,0.13284683227539062,-0.13097025454044342
1260,1,0,0.7393198013305664,0.1525215208530426,-0.14564593136310577
1261,1,0,0.74821537733078,0.07987572997808456,-0.13317562639713287
1262,1,0,0.7640596032142639,0.02965274080634117,-0.12466876953840256
1263,1,0,0.785716712474823,0.006742785219103098,-0.12298152595758438
1264,1,0,0.7917084693908691,-0.015136918984353542,-0.12323500216007233
1265,1,0,0.7692079544067383,-0.049438610672950745,-0.1109713688492775
1266,1,0,0.7655515670776367,-0.0570216178894043,-0.10525445640087128
1267,1,0,0.7715931534767151,-0.055703528225421906,-0.1031409353017807
1268,1,0,0.7716064453125,-0.0671328529715538,-0.10197614878416061
1269,1,0,0.7725213766098022,-0.07362902164459229,-0.10257163643836975
1270,1,0,0.7619926929473877,-0.08212362229824066,-0.10665073245763779
1271,1,0,0.7442207336425781,-0.10248248279094696,-0.10310687869787216
1272,1,0,0.7329016923904419,-0.12582962214946747,-0.09798193722963333
1273,1,0,0.733498215675354,-0.13853415846824646,-0.09041525423526764
1274,1,0,0.7600464820861816,-0.12121450901031494,-0.10354946553707123
1275,1,0,0.7969921231269836,-0.07593979686498642,-0.11737454682588577
1276,1,0,0.8230624794960022,-0.052927758544683456,-0.13095974922180176
1277,1,0,0.84051513671875,-0.026090042665600777,-0.1489950567483902
1278,1,0,0.8404878377914429,-0.021021971479058266,-0.14937946200370789
1279,1,0,0.8349989056587219,-0.001697357976809144,-0.14620712399482727
1280,1,0,0.8265085816383362,0.019917171448469162,-0.14374056458473206
1281,1,0,0.8234200477600098,0.030415883287787437,-0.15466582775115967
1282,1,0,0.8078852891921997,0.03781025484204292,-0.1486203521490097
1283,1,0,0.7891855239868164,0.021744314581155777,-0.14498358964920044
1284,1,0,0.773128092288971,0.005985858850181103,-0.1395186334848404
1285,1,0,0.7406207323074341,0.00871372502297163,-0.12124049663543701
1286,1,0,0.69228196144104,0.02483038790524006,-0.11120586842298508
1287,1,0,0.6623908281326294,0.032546740025281906,-0.10926255583763123
1288,1,0,0.6639564037322998,0.03393789753317833,-0.11714612692594528
1289,1,0,0.7019945383071899,0.033045683056116104,-0.12419851869344711
1290,1,0,0.7721643447875977,0.1431116759777069,-0.1456552892923355
1291,1,0,0.8027812242507935,0.12454322725534439,-0.1531868427991867
1292,1,0,0.8108199834823608,0.12065771222114563,-0.14945735037326813
1293,1,0,0.8103431463241577,0.14205211400985718,-0.1415737420320511
1294,1,0,0.8091687560081482,0.17328864336013794,-0.13242600858211517
1295,1,0,0.7969295382499695,0.20897921919822693,-0.1214948296546936
1296,1,0,0.7652534246444702,0.2277718335390091,-0.10819831490516663
1297,1,0,0.7360863089561462,0.2595595717430115,-0.09992237389087677
1298,1,0,0.7228771448135376,0.2873949706554413,-0.09628397971391678
1299,1,0,0.6784069538116455,0.27099817991256714,-0.09399355202913284
1302,1,0,0.35907307267189026,-0.3514895737171173,-0.08971158415079117
1303,1,0,0.33471155166625977,-0.3842453360557556,-0.07697249948978424
1304,1,0,0.3366166353225708,-0.389743834733963,-0.06872811168432236
1305,1,0,0.32699480652809143,-0.42976540327072144,-0.06269260495901108
1306,1,0,0.32422176003456116,-0.39221325516700745,-0.047218263149261475
1312,1,0,0.4496239125728607,-0.2529643774032593,-0.07247018069028854
1313,1,0,0.46488818526268005,-0.27829673886299133,-0.0702003687620163
1314,1,0,0.5129793286323547,-0.30653291940689087,-0.0700610801577568
1315,1,0,0.5797586441040039,-0.34081563353538513,-0.07074303179979324
1316,1,0,0.6579078435897827,-0.3741011917591095,-0.06822827458381653
1317,1,0,0.7509167194366455,-0.3548145890235901,-0.07884567230939865
1318,1,0,0.7452108860015869,-0.3046623766422272,-0.08180937170982361
1319,1,0,0.6593778729438782,-0.33712148666381836,-0.06179514154791832
1320,1,0,0.5820518136024475,-0.3359258770942688,-0.04751008003950119
1321,1,0,0.49717479944229126,-0.3095661699771881,-0.03164004907011986
1333,1,0,0.4097278416156769,-0.43488168716430664,0.02322961390018463
1334,1,0,0.4694230854511261,-0.44030195474624634,0.012497571296989918
1335,1,0,0.48459815979003906,-0.4066384732723236,0.011656374670565128
1336,1,0,0.46811091899871826,-0.3815038502216339,0.0026885205879807472
1337,1,0,0.39393365383148193,-0.3279685080051422,-0.012904799543321133
1345,1,0,0.45599907636642456,-0.3223130404949188,-0.03793514519929886
1346,1,0,0.3728850781917572,-0.376780241727829,-0.043774548918008804
1351,1,0,0.4877426028251648,0.12225407361984253,-0.08460675925016403
1352,1,0,0.5024815201759338,0.1616305112838745,-0.08919868618249893
1353,1,0,0.5401423573493958,0.18274064362049103,-0.09905264526605606
1354,1,0,0.5851153135299683,0.2009241282939911,-0.11686783283948898
1355,1,0,0.7137771248817444,0.33316025137901306,-0.16310693323612213
1356,1,0,0.7551759481430054,0.28858482837677,-0.160133495926857
1357,1,0,0.727657675743103,0.2813236117362976,-0.15225625038146973
1358,1,0,0.6862620711326599,0.3089230954647064,-0.1558404564857483
1359,1,0,0.6374618411064148,0.33444467186927795,-0.160506471991539
1360,1,0,0.6086932420730591,0.3404150903224945,-0.16454610228538513
1361,1,0,0.6696392297744751,0.4011366367340088,-0.1777481734752655
1362,1,0,0.6272938251495361,0.38797077536582947,-0.16586674749851227
1363,1,0,0.6017540097236633,0.36541035771369934,-0.15173034369945526
1364,1,0,0.5858561992645264,0.3365015387535095,-0.14239953458309174
1365,1,0,0.5661720037460327,0.3075467050075531,-0.13347695767879486
1366,1,0,0.553238034248352,0.28989458084106445,-0.12838737666606903
1367,1,0,0.5610180497169495,0.31403470039367676,-0.13186870515346527
1368,1,0,0.5357056260108948,0.26701515913009644,-0.12176662683486938
1369,1,0,0.524925947189331,0.23587758839130402,-0.11215174943208694
1370,1,0,0.4589724838733673,0.17828813195228577,-0.09035678952932358
1378,1,0,0.45229867100715637,-0.3406517207622528,0.035880859941244125
1379,1,0,0.48883533477783203,-0.3285679817199707,0.03102908842265606
1380,1,0,0.5252145528793335,-0.3236689865589142,0.01966032385826111
1381,1,0,0.5741190314292908,-0.3193022310733795,0.005138962995260954
1382,1,0,0.6052011251449585,-0.2640253007411957,0.003517777193337679
1383,1,0,0.6694129109382629,-0.2204379439353943,-0.014162047766149044
1384,1,0,0.7939553260803223,-0.14962023496627808,-0.06833652406930923
1385,1,0,0.8181085586547852,-0.13725174963474274,-0.08160816878080368
1386,1,0,0.8109268546104431,-0.14444372057914734,-0.07120583206415176
1387,1,0,0.8023377060890198,-0.12923677265644073,-0.06002889946103096
1388,1,0,0.8052936792373657,-0.14681336283683777,-0.0627535954117775
1389,1,0,0.7923264503479004,-0.15916545689105988,-0.06520050019025803
1390,1,0,0.7741061449050903,-0.1627238541841507,-0.05370185896754265
1391,1,0,0.7588448524475098,-0.15613090991973877,-0.047143083065748215
1392,1,0,0.7619938850402832,-0.1594764143228531,-0.052771978080272675
1393,1,0,0.7583792805671692,-0.1512145847082138,-0.04860443249344826
1394,1,0,0.7404471635818481,-0.158673495054245,-0.06143634766340256
1395,1,0,0.7526994347572327,-0.20374132692813873,-0.0778496190905571
1396,1,0,0.7545472383499146,-0.19546271860599518,-0.08463779836893082
1397,1,0,0.7355561852455139,-0.1798454076051712,-0.07208269834518433
1398,1,0,0.72398841381073,-0.15870486199855804,-0.06651303917169571
1399,1,0,0.7070075273513794,-0.14597518742084503,-0.08886738866567612
1400,1,0,0.6943659782409668,-0.2913617491722107,-0.02971624955534935
1401,1,0,0.8127481341362,-0.3012370467185974,-0.02968430705368519
1402,1,0,0.8438464403152466,-0.31140732765197754,-0.028088275343179703
1403,1,0,0.8405302166938782,-0.3328390419483185,-0.014293643645942211
1404,1,0,0.84782874584198,-0.35097938776016235,-0.01461757905781269
1405,1,0,0.8456898331642151,-0.3614526093006134,-0.013858220539987087
1406,1,0,0.8341786861419678,-0.36688336730003357,-0.013127779588103294
1407,1,0,0.8419883251190186,-0.3553716242313385,-0.021407343447208405
1408,1,0,0.8197585344314575,-0.35844504833221436,-0.0104791559278965
1409,1,0,0.7819874882698059,-0.33718007802963257,-0.01380146574229002
1410,1,0,0.7394555807113647,-0.32109618186950684,-0.025096874684095383
1411,1,0,0.6990984678268433,-0.3265519142150879,-0.026162434369325638
1412,1,0,0.7139239311218262,-0.3142653703689575,-0.0032050127629190683
1413,1,0,0.7347545623779297,-0.2844536304473877,0.0009272244642488658
1414,1,0,0.7607552409172058,-0.3750869035720825,0.002410369925200939
1415,1,0,0.7261052131652832,-0.43388691544532776,0.016884561628103256
1416,1,0,0.6765855550765991,-0.4377060830593109,0.03234357759356499
1417,1,0,0.6506667733192444,-0.4444703161716461,0.03539108857512474
1418,1,0,0.6416327953338623,-0.4337771236896515,0.03408510982990265
1419,1,0,0.6423556208610535,-0.43130457401275635,0.03876662999391556
1420,1,0,0.6333835124969482,-0.4135580360889435,0.041304729878902435
1421,1,0,0.6175835132598877,-0.38237467408180237,0.03875268995761871
1422,1,0,0.606844425201416,-0.35509541630744934,0.037503257393836975
1423,1,0,0.6049776077270508,-0.3015960454940796,0.036773357540369034
1424,1,0,0.6162539720535278,-0.2513824999332428,0.027891507372260094
1425,1,0,0.5783802270889282,-0.23853302001953125,0.03798471391201019
1426,1,0,0.5601940155029297,-0.2391897588968277,0.038242001086473465
1427,1,0,0.5452048778533936,-0.2355431169271469,0.04005199670791626
1428,1,0,0.55706787109375,-0.20836567878723145,0.03207268565893173
1429,1,0,0.5414869785308838,-0.19441469013690948,0.03675338625907898
1430,1,0,0.5421282052993774,-0.17386330664157867,0.0321509912610054
1431,1,0,0.5352029204368591,-0.11619293689727783,0.02854945883154869
1432,1,0,0.5360960364341736,-0.09338890761137009,0.035144466906785965
1433,1,0,0.5290198922157288,-0.08165082335472107,0.04021940007805824
1434,1,0,0.523374080657959,-0.04464901238679886,0.03551560267806053
1435,1,0,0.5498961210250854,-0.015518037602305412,0.029521385207772255
1436,1,0,0.5792989134788513,0.017413631081581116,0.02170686610043049
1437,1,0,0.5511738061904907,0.04315659776329994,0.012525358237326145
1442,1,0,0.549690842628479,0.3705129623413086,-0.025563685223460197
1443,1,0,0.5725924968719482,0.3674440085887909,-0.02359819784760475
1444,1,0,0.5439027547836304,0.35501453280448914,-0.02550007402896881
1445,1,0,0.541020929813385,0.3253030478954315,-0.029599418863654137
1446,1,0,0.5915414094924927,0.33291906118392944,-0.03715772181749344
1447,1,0,0.5744112730026245,0.2858240008354187,-0.04130108281970024
1448,1,0,0.540407657623291,0.3505037724971771,-0.04915482923388481
1449,1,0,0.4865257143974304,0.3341282606124878,-0.06763201951980591
1450,1,0,0.5372107028961182,-0.3682580292224884,-0.028794487938284874
1451,1,0,0.576164960861206,-0.3654814064502716,-0.016376499086618423
1452,1,0,0.5619486570358276,-0.35273921489715576,-0.011310519650578499
1453,1,0,0.5650423765182495,-0.35485395789146423,-0.0045009697787463665
1454,1,0,0.5969366431236267,-0.3482292592525482,-0.0008823496755212545
1455,1,0,0.6196900606155396,-0.33920934796333313,-0.0003652199811767787
1456,1,0,0.6676850318908691,-0.32595348358154297,-0.001774786040186882
1457,1,0,0.7095698118209839,-0.31500160694122314,-0.004947524983435869
1458,1,0,0.7755156755447388,-0.31553250551223755,-0.006285077892243862
1459,1,0,0.858986496925354,-0.3279193639755249,-0.00956982932984829
1460,1,0,0.8670673966407776,-0.3599836826324463,-0.003080283757299185
1461,1,0,0.8682025671005249,-0.37265530228614807,-0.005170306656509638
1462,1,0,0.8649768233299255,-0.38170093297958374,0.0013807853683829308
1463,1,0,0.8688054084777832,-0.3787747919559479,0.0001926124095916748
1464,1,0,0.8781769871711731,-0.3729911744594574,-0.0027081677690148354
1465,1,0,0.9035177230834961,-0.3612838685512543,-0.00832361914217472
1466,1,0,0.9094952344894409,-0.36240696907043457,-0.010210725478827953
1467,1,0,0.9039177298545837,-0.3620666563510895,-0.009278716519474983
1468,1,0,0.8965144157409668,-0.35027238726615906,-0.010573477484285831
1469,1,0,0.8910662531852722,-0.34074804186820984,-0.014486148953437805
1470,1,0,0.8901624083518982,-0.34482160210609436,-0.01490186806768179
1471,1,0,0.8932504653930664,-0.3172106444835663,-0.01938476413488388
1472,1,0,0.8905394673347473,-0.25773295760154724,-0.028865445405244827
1473,1,0,0.877568244934082,-0.22184936702251434,-0.028398100286722183
1474,1,0,0.8653192520141602,-0.19474263489246368,-0.02240615338087082
1475,1,0,0.8536830544471741,-0.2124554067850113,-0.015235288068652153
1476,1,0,0.8390989899635315,-0.2253083437681198,-0.015679899603128433
1477,1,0,0.8347176909446716,-0.220461905002594,-0.020539147779345512
1478,1,0,0.8197536468505859,-0.22546939551830292,-0.018285218626260757
1479,1,0,0.8178173303604126,-0.22070080041885376,-0.02266514301300049
1480,1,0,0.8377976417541504,-0.21253976225852966,-0.029167024418711662
1481,1,0,0.8614935874938965,-0.20912913978099823,-0.03115718439221382
1482,1,0,0.8651220202445984,-0.23362469673156738,-0.025439271703362465
1483,1,0,0.8656762838363647,-0.25356414914131165,-0.023553693667054176
1484,1,0,0.8810314536094666,-0.28349965810775757,-0.026260878890752792
1485,1,0,0.884743332862854,-0.29932740330696106,-0.023413244634866714
1486,1,0,0.8827142715454102,-0.2722209095954895,-0.028980106115341187
1487,1,0,0.8989907503128052,-0.23965558409690857,-0.04341332986950874
1488,1,0,0.8880137205123901,-0.2375897914171219,-0.036427948623895645
1489,1,0,0.8756775259971619,-0.23135583102703094,-0.03614044934511185
1490,1,0,0.8660386800765991,-0.21320340037345886,-0.04269477352499962
1491,1,0,0.8760183453559875,-0.20028603076934814,-0.049626726657152176
1492,1,0,0.8840230703353882,-0.1879618912935257,-0.056688372045755386
1493,1,0,0.8775107860565186,-0.20878778398036957,-0.04157935827970505
1494,1,0,0.8760590553283691,-0.22425217926502228,-0.036398086696863174
1495,1,0,0.8765068054199219,-0.23175664246082306,-0.029286080971360207
1496,1,0,0.8733085989952087,-0.24193288385868073,-0.023946870118379593
1497,1,0,0.87557053565979,-0.24833427369594574,-0.030141832306981087
1498,1,0,0.8621096611022949,-0.24493210017681122,-0.026865528896450996
1499,1,0,0.8237087726593018,-0.22385405004024506,-0.0440165139734745
1500,1,0,0.752448558807373,-0.15770183503627777,-0.04896225035190582
1501,1,0,0.8593881130218506,-0.1153198629617691,-0.09195296466350555
1502,1,0,0.8692053556442261,-0.1341358721256256,-0.09632371366024017
1503,1,0,0.8869134187698364,-0.1353767365217209,-0.09514892101287842
1504,1,0,0.901016891002655,-0.1222224086523056,-0.09452524781227112
1505,1,0,0.8985018134117126,-0.11027099192142487,-0.08628857135772705
1506,1,0,0.8886215686798096,-0.1158071979880333,-0.07494724541902542
1507,1,0,0.8811497688293457,-0.13695776462554932,-0.06836242228746414
1508,1,0,0.8840650320053101,-0.1431310623884201,-0.06995752453804016
1509,1,0,0.8777987957000732,-0.13641570508480072,-0.07319680601358414
1510,1,0,0.8734717965126038,-0.13715548813343048,-0.07538712024688721
1511,1,0,0.8669829368591309,-0.16171514987945557,-0.06744513660669327
1512,1,0,0.8691573143005371,-0.1866447776556015,-0.05669887736439705
1513,1,0,0.8780049681663513,-0.18819111585617065,-0.05040935426950455
1514,1,0,0.8779484033584595,-0.1890900433063507,-0.043153513222932816
1515,1,0,0.8863464593887329,-0.14699721336364746,-0.04970825836062431
1516,1,0,0.884540319442749,-0.10023873299360275,-0.057591512799263
1517,1,0,0.8689494132995605,-0.12617899477481842,-0.04863296449184418
1518,1,0,0.8538457751274109,-0.10700524598360062,-0.04994070529937744
1519,1,0,0.843146800994873,-0.08211495727300644,-0.059825997799634933
1520,1,0,0.830238938331604,-0.033652305603027344,-0.07988643646240234
1521,1,0,0.8273093104362488,-0.03825731202960014,-0.08570648729801178
1522,1,0,0.8328624963760376,-0.037611279636621475,-0.09089257568120956
1523,1,0,0.8518950939178467,0.006128811743110418,-0.10766148567199707
1524,1,0,0.8458828330039978,0.0651116743683815,-0.1269148886203766
1525,1,0,0.837155282497406,0.006979579571634531,-0.10668263584375381
1526,1,0,0.8387868404388428,-0.02727973274886608,-0.09034891426563263
1527,1,0,0.8387445211410522,-0.048516903072595596,-0.08134434372186661
1528,1,0,0.8304985165596008,-0.05347265303134918,-0.0755227655172348
1529,1,0,0.7952492833137512,-0.04577508941292763,-0.07175632566213608
1530,1,0,0.7697126865386963,-0.046187832951545715,-0.07165345549583435
1531,1,0,0.767781674861908,-0.03027225099503994,-0.07312250137329102
1532,1,0,0.7695469856262207,-0.04028964787721634,-0.07801268994808197
1533,1,0,0.7735495567321777,0.015499531291425228,-0.08843591809272766
1534,1,0,0.7633377909660339,0.08578962832689285,-0.09439857304096222
1535,1,0,0.7595604658126831,0.10986510664224625,-0.09311570227146149
1536,1,0,0.761505126953125,0.07690685987472534,-0.08461572974920273
1537,1,0,0.7687973976135254,0.08292453736066818,-0.07980913668870926
1538,1,0,0.7862974405288696,0.11186204105615616,-0.0786309465765953
1539,1,0,0.819664716720581,0.13575993478298187,-0.0814213678240776
1540,1,0,0.8611597418785095,0.21773165464401245,-0.11725207418203354
1541,1,0,0.8647451400756836,0.1855662614107132,-0.11722440272569656
1542,1,0,0.8601459264755249,0.1913280338048935,-0.11821337789297104
1543,1,0,0.870879054069519,0.1836809515953064,-0.11515934020280838
1544,1,0,0.8740075826644897,0.1918654441833496,-0.11011848598718643
1545,1,0,0.8426591157913208,0.21201273798942566,-0.09042251855134964
1546,1,0,0.8175046443939209,0.18317298591136932,-0.0705673098564148
1547,1,0,0.7788351774215698,0.15638279914855957,-0.058948397636413574
1548,1,0,0.7341104745864868,0.12362692505121231,-0.05905838683247566
1549,1,0,0.7113854289054871,0.11352217197418213,-0.07487092167139053
1551,1,0,0.5373239517211914,-0.05642744526267052,-0.06345101445913315
1552,1,0,0.6319380402565002,-0.11585034430027008,-0.08326243609189987
1553,1,0,0.6446871757507324,0.0018248445121571422,-0.1129547655582428
1554,1,0,0.6760103106498718,0.15774290263652802,-0.1458682119846344
1555,1,0,0.7066780924797058,0.25531205534935,-0.15807004272937775
1556,1,0,0.6626521348953247,0.24799339473247528,-0.13584500551223755
1557,1,0,0.562275767326355,0.26596906781196594,-0.11508273333311081
1558,1,0,0.49855053424835205,0.29170286655426025,-0.11699149012565613
1559,1,0,0.44038453698158264,0.26523953676223755,-0.10618109256029129
1575,1,0,0.5238696932792664,0.18878886103630066,-0.07588180899620056
1576,1,0,0.5737795829772949,0.17277149856090546,-0.08582878857851028
1577,1,0,0.5609269738197327,0.16354618966579437,-0.08256164193153381
1578,1,0,0.5660730004310608,0.148452028632164,-0.08197161555290222
1579,1,0,0.6017489433288574,0.15658606588840485,-0.09337085485458374
1580,1,0,0.5747485160827637,0.11170976608991623,-0.08470183610916138
1581,1,0,0.568047821521759,0.07935904711484909,-0.07934439927339554
1582,1,0,0.5816292762756348,0.04826800525188446,-0.07829885184764862
1583,1,0,0.5948238372802734,0.026216108351945877,-0.07291878014802933
1584,1,0,0.6201923489570618,0.009393931366503239,-0.07297413051128387
1585,1,0,0.605441689491272,-0.009884214028716087,-0.05976979807019234
1586,1,0,0.5836678743362427,-0.011260868050158024,-0.04955003410577774
1587,1,0,0.6003007888793945,-0.0062395380809903145,-0.04750597104430199
1588,1,0,0.6072026491165161,0.0020293379202485085,-0.04868562892079353
1589,1,0,0.6354691386222839,0.0018489507492631674,-0.0638662651181221
1590,1,0,0.7174497842788696,-0.02728412300348282,-0.07643794268369675
1591,1,0,0.7676950097084045,-0.07309279590845108,-0.07740852981805801
1592,1,0,0.7789966464042664,-0.0947292372584343,-0.08112278580665588
1593,1,0,0.8024793863296509,-0.05591203644871712,-0.08404751867055893
1594,1,0,0.821793258190155,-0.00740876654163003,-0.08589603751897812
1595,1,0,0.8403189182281494,0.055840712040662766,-0.09098029881715775
1596,1,0,0.8435229063034058,0.07130056619644165,-0.08583058416843414
1597,1,0,0.8234126567840576,0.06669044494628906,-0.07168415933847427
1598,1,0,0.8010773658752441,0.10497050732374191,-0.07062231749296188
1599,1,0,0.7509257793426514,0.09639886766672134,-0.09109804779291153
1600,1,0,0.7608477473258972,-0.4688829481601715,-0.03811216726899147
1601,1,0,0.7959452867507935,-0.49070900678634644,-0.030610207468271255
1602,1,0,0.7964214086532593,-0.48235198855400085,-0.025559982284903526
1603,1,0,0.796601414680481,-0.47437021136283875,-0.022304773330688477
1604,1,0,0.7962759733200073,-0.4693398177623749,-0.01827094703912735
1605,1,0,0.8146637678146362,-0.445509135723114,-0.030229557305574417
1606,1,0,0.8425658345222473,-0.41481855511665344,-0.04474760219454765
1607,1,0,0.818772554397583,-0.3953534662723541,-0.04359600692987442
1608,1,0,0.7691245079040527,-0.33625155687332153,-0.05449249595403671
1609,1,0,0.7176530361175537,-0.26176556944847107,-0.0663301944732666
1610,1,0,0.691371500492096,-0.18263010680675507,-0.07417178899049759
1611,1,0,0.7054755091667175,-0.13567039370536804,-0.07923533022403717
1612,1,0,0.748907744884491,-0.11814223974943161,-0.08429800719022751
1613,1,0,0.8538438677787781,-0.03358345106244087,-0.09188348799943924
1614,1,0,0.8666179180145264,-0.013256298378109932,-0.09941510111093521
1615,1,0,0.8383455276489258,0.025941982865333557,-0.09132955223321915
1616,1,0,0.804304838180542,0.07469784468412399,-0.09835202991962433
1617,1,0,0.7542829513549805,0.16701476275920868,-0.11532296240329742
1618,1,0,0.6848037838935852,0.27763697504997253,-0.13405053317546844
1619,1,0,0.638434886932373,0.34073081612586975,-0.1425246000289917
1620,1,0,0.6761798858642578,0.46177005767822266,-0.15596960484981537
1621,1,0,0.6292706727981567,0.453469842672348,-0.14826512336730957
1622,1,0,0.6168347597122192,0.43890997767448425,-0.13788561522960663
1623,1,0,0.6261494159698486,0.42972272634506226,-0.12943224608898163
1624,1,0,0.6447338461875916,0.41761723160743713,-0.12782347202301025
1625,1,0,0.6590942740440369,0.4108017683029175,-0.13221517205238342
1626,1,0,0.6535316109657288,0.41367873549461365,-0.1344994306564331
1627,1,0,0.6582986116409302,0.4227782189846039,-0.13745854794979095
1628,1,0,0.681585431098938,0.4456896483898163,-0.15166915953159332
1629,1,0,0.6581577062606812,0.4521973431110382,-0.1402376890182495
1630,1,0,0.6239703297615051,0.4497354030609131,-0.12382102757692337
1631,1,0,0.6186667680740356,0.4374780058860779,-0.12659314274787903
1632,1,0,0.6000857353210449,0.44009196758270264,-0.12591302394866943
1633,1,0,0.5613517761230469,0.4666285216808319,-0.12329873442649841
1634,1,0,0.5144374966621399,0.4635618031024933,-0.12869380414485931
1635,1,0,0.5131543278694153,0.4471342861652374,-0.14430828392505646
1636,1,0,0.553666353225708,0.45641636848449707,-0.15292738378047943
1637,1,0,0.49410519003868103,0.45595839619636536,-0.1380067616701126
1638,1,0,0.48830828070640564,0.4221400320529938,-0.13184301555156708
1639,1,0,0.4573743939399719,0.3829604685306549,-0.12228753417730331
1640,1,0,0.4513086676597595,0.32449403405189514,-0.13131235539913177
1641,1,0,0.44297584891319275,0.3110920488834381,-0.12883000075817108
1642,1,0,0.42675885558128357,0.3322985768318176,-0.11135846376419067
1643,1,0,0.4271314740180969,0.3700326383113861,-0.10700050741434097
1644,1,0,0.47623053193092346,0.3905426859855652,-0.11025846004486084
1645,1,0,0.42800864577293396,0.3954300582408905,-0.1049569696187973
1646,1,0,0.4039696455001831,0.3679470121860504,-0.09298672527074814
1647,1,0,0.37445035576820374,0.3603185713291168,-0.08553440868854523
1648,1,0,0.3575661778450012,0.36023372411727905,-0.09004853665828705
1659,1,0,0.4074360430240631,0.33903926610946655,-0.12324948608875275
1660,1,0,0.39849579334259033,0.3638126254081726,-0.12442754954099655
1661,1,0,0.38628172874450684,0.3149620294570923,-0.107268787920475
1665,1,0,0.42776817083358765,0.29621487855911255,-0.07417327165603638
1666,1,0,0.4823746979236603,0.3213438391685486,-0.085495226085186
1667,1,0,0.604899525642395,0.3306877911090851,-0.0910082757472992
1668,1,0,0.7799060344696045,0.3503878116607666,-0.12550947070121765
1669,1,0,0.7747287750244141,0.4151808023452759,-0.13907542824745178
1670,1,0,0.7695604562759399,0.3975926637649536,-0.13005228340625763
1671,1,0,0.7643507719039917,0.4045000374317169,-0.13312537968158722
1672,1,0,0.7772271037101746,0.42282748222351074,-0.14176319539546967
1673,1,0,0.7645200490951538,0.4235929846763611,-0.14355340600013733
1674,1,0,0.7311186790466309,0.4562612473964691,-0.14184261858463287
1675,1,0,0.7119529247283936,0.4708004891872406,-0.14613400399684906
1676,1,0,0.6988534331321716,0.4653906226158142,-0.141447976231575
1677,1,0,0.6861413717269897,0.4307917654514313,-0.13709956407546997
1678,1,0,0.6815378665924072,0.4132477343082428,-0.1340738832950592
1679,1,0,0.686800479888916,0.3951398730278015,-0.13378916680812836
1680,1,0,0.7035925388336182,0.38459569215774536,-0.13935069739818573
1681,1,0,0.7178891897201538,0.4087841212749481,-0.14249804615974426
1682,1,0,0.6847149133682251,0.40529298782348633,-0.13197802007198334
1683,1,0,0.6681345105171204,0.412592351436615,-0.13504338264465332
1684,1,0,0.6262983083724976,0.36220428347587585,-0.12879206240177155
1685,1,0,0.5926156044006348,0.3145129382610321,-0.12507514655590057
1686,1,0,0.5767824649810791,0.3570520877838135,-0.12308324873447418
1687,1,0,0.5268255472183228,0.3571155369281769,-0.11101837456226349
1688,1,0,0.45057663321495056,0.36145347356796265,-0.09080369025468826
1709,1,0,0.49195557832717896,-0.1129683405160904,-0.06504808366298676
1710,1,0,0.7310903072357178,-0.10583504289388657,-0.05369429662823677
1711,1,0,0.7139610052108765,-0.032775942236185074,-0.05544630438089371
1712,1,0,0.6718065738677979,0.05137382820248604,-0.07160079479217529
1713,1,0,0.6493431329727173,0.1129615306854248,-0.06839797645807266
1714,1,0,0.6470046639442444,0.16082392632961273,-0.0700078159570694
1715,1,0,0.6638650894165039,0.19605045020580292,-0.08697777986526489
1716,1,0,0.6399866342544556,0.08816919475793839,-0.07540315389633179
1717,1,0,0.6464454531669617,-0.005453823134303093,-0.06508859992027283
1718,1,0,0.6370025873184204,-0.026215335354208946,-0.05835743248462677
1719,1,0,0.615860641002655,-0.011499427258968353,-0.053194962441921234
1720,1,0,0.6051291823387146,0.027336236089468002,-0.05119602754712105
1721,1,0,0.6048173308372498,0.036501359194517136,-0.052841708064079285
1722,1,0,0.5070398449897766,0.02490154281258583,-0.02406316250562668
1738,1,0,0.6212919354438782,-0.01472643855959177,-0.05833277478814125
1739,1,0,0.8012202382087708,-0.057324230670928955,-0.0486452691257
1740,1,0,0.8853122591972351,-0.13462990522384644,-0.04758473113179207
1741,1,0,0.8943887948989868,-0.15569967031478882,-0.050117235630750656
1742,1,0,0.9003117084503174,-0.1592574566602707,-0.04908118024468422
1743,1,0,0.9021152257919312,-0.14637817442417145,-0.052160847932100296
1744,1,0,0.9002161026000977,-0.12953375279903412,-0.05274229869246483
1745,1,0,0.9026622176170349,-0.12659884989261627,-0.05709276720881462
1746,1,0,0.9013258218765259,-0.10161171853542328,-0.06038477271795273
1747,1,0,0.900530993938446,-0.07983586192131042,-0.06525907665491104
1748,1,0,0.8983140587806702,-0.06032821163535118,-0.06873717159032822
1749,1,0,0.8669592142105103,-0.08477263152599335,-0.06797590106725693
1750,1,0,0.8265212774276733,-0.23539060354232788,-0.02898661233484745
1751,1,0,0.8745209574699402,-0.2019519954919815,-0.04402691125869751
1752,1,0,0.8841158747673035,-0.18123574554920197,-0.04654768481850624
1753,1,0,0.8906652927398682,-0.13606734573841095,-0.056292980909347534
1754,1,0,0.8868464231491089,-0.16174004971981049,-0.04491013288497925
1755,1,0,0.8886727094650269,-0.17729777097702026,-0.040355343371629715
1756,1,0,0.8912398219108582,-0.18245646357536316,-0.03665252774953842
1757,1,0,0.8917845487594604,-0.18549102544784546,-0.031079458072781563
1758,1,0,0.8968205451965332,-0.18161360919475555,-0.029868634417653084
1759,1,0,0.9017407298088074,-0.1650688201189041,-0.03100384771823883
1760,1,0,0.9097318649291992,-0.14367175102233887,-0.03204841539263725
1761,1,0,0.9112440347671509,-0.14880399405956268,-0.029088689014315605
1762,1,0,0.9133889079093933,-0.1659998744726181,-0.02293839119374752
1763,1,0,0.9184895753860474,-0.1703953891992569,-0.02114632911980152
1764,1,0,0.9164794087409973,-0.18934975564479828,-0.011511987075209618
1765,1,0,0.919134259223938,-0.19616089761257172,-0.01280460599809885
1766,1,0,0.9175549745559692,-0.2081959843635559,-0.005868061911314726
1767,1,0,0.915479302406311,-0.21806447207927704,0.0018030161736533046
1768,1,0,0.9134479761123657,-0.22826702892780304,0.006561229936778545
1769,1,0,0.9076589345932007,-0.23745641112327576,0.014894002117216587
1770,1,0,0.9076878428459167,-0.23319168388843536,0.015425754711031914
1771,1,0,0.9004409313201904,-0.23727616667747498,0.021730942651629448
1772,1,0,0.8925577998161316,-0.24905052781105042,0.027923759073019028
1773,1,0,0.8923534154891968,-0.25055915117263794,0.029472827911376953
1774,1,0,0.8950634598731995,-0.24060001969337463,0.026888934895396233
1775,1,0,0.9066190719604492,-0.21008694171905518,0.01829531043767929
1776,1,0,0.8989978432655334,-0.22497190535068512,0.028748374432325363
1777,1,0,0.8839088082313538,-0.22488842904567719,0.03800250217318535
1778,1,0,0.8732514977455139,-0.23333841562271118,0.037998951971530914
1779,1,0,0.8673803806304932,-0.2114836722612381,0.030299022793769836
1780,1,0,0.865007221698761,-0.2024562805891037,0.021911131218075752
1781,1,0,0.8872485756874084,-0.1949925571680069,0.01681981235742569
1782,1,0,0.8963237404823303,-0.215864360332489,0.01903366670012474
1783,1,0,0.8932091593742371,-0.2485714554786682,0.027520090341567993
1784,1,0,0.8911821842193604,-0.26466068625450134,0.032333001494407654
1785,1,0,0.8909604549407959,-0.26973864436149597,0.03454745560884476
1786,1,0,0.8843279480934143,-0.27619752287864685,0.03746895119547844
1787,1,0,0.8765021562576294,-0.28408899903297424,0.0353739857673645
1788,1,0,0.8747686147689819,-0.2867872714996338,0.03174342215061188
1789,1,0,0.8921204805374146,-0.2762114405632019,0.024295063689351082
1790,1,0,0.8833811283111572,-0.2780335545539856,0.022976422682404518
1791,1,0,0.8800883889198303,-0.29006779193878174,0.022442253306508064
1792,1,0,0.9003715515136719,-0.30141061544418335,0.024031927809119225
1793,1,0,0.8971629738807678,-0.3222767114639282,0.0322456881403923
1794,1,0,0.8926936388015747,-0.3211784064769745,0.03488856181502342
1795,1,0,0.8944512605667114,-0.3163565397262573,0.0298395287245512
1796,1,0,0.8896520137786865,-0.3042527735233307,0.02517644874751568
1797,1,0,0.8501896262168884,-0.30722466111183167,0.028946008533239365
1798,1,0,0.7859994173049927,-0.2871476709842682,0.017717748880386353
1799,1,0,0.689626157283783,-0.25704315304756165,-0.01103177573531866
1800,1,0,0.8086013793945312,-0.2194322943687439,-0.028588561341166496
1801,1,0,0.8382903337478638,-0.2024650126695633,-0.016647588461637497
1802,1,0,0.8341206908226013,-0.188297301530838,-0.008379151113331318
1803,1,0,0.8413566946983337,-0.2115723341703415,-0.00921700894832611
1804,1,0,0.8689172267913818,-0.19456882774829865,-0.02604708820581436
1805,1,0,0.858886182308197,-0.26802775263786316,-0.004847659729421139
1806,1,0,0.8548085689544678,-0.2678634226322174,0.009950271807610989
1807,1,0,0.8503403663635254,-0.27697688341140747,0.022481057792901993
1808,1,0,0.8610997200012207,-0.2547275125980377,0.02525751106441021
1809,1,0,0.8661782145500183,-0.2442219853401184,0.029933255165815353
1810,1,0,0.8482217192649841,-0.24315756559371948,0.032471880316734314
1811,1,0,0.8354990482330322,-0.22321473062038422,0.03380056470632553
1812,1,0,0.8456583023071289,-0.19050933420658112,0.03129875287413597
1813,1,0,0.864197850227356,-0.16482776403427124,0.035084400326013565
1814,1,0,0.8479723930358887,-0.18263937532901764,0.04178760200738907
1815,1,0,0.8289983868598938,-0.19156590104103088,0.04649268090724945
1816,1,0,0.8058257102966309,-0.20008090138435364,0.04713808000087738
1817,1,0,0.7803475260734558,-0.19315704703330994,0.03567659854888916
1818,1,0,0.7712976932525635,-0.18803802132606506,0.025581588968634605
1819,1,0,0.7758780717849731,-0.18131953477859497,0.016933506354689598
1820,1,0,0.7942129969596863,-0.18877673149108887,0.014168916270136833
1821,1,0,0.8237960934638977,-0.2158079743385315,0.019595423713326454
1822,1,0,0.8925486207008362,-0.24186450242996216,0.05768520385026932
1823,1,0,0.9068933725357056,-0.25370869040489197,0.06327860802412033
1824,1,0,0.898210883140564,-0.2976243793964386,0.07190193235874176
1825,1,0,0.8953124284744263,-0.3186522126197815,0.07121176272630692
1826,1,0,0.8918747901916504,-0.3326663672924042,0.0695028305053711
1827,1,0,0.8917417526245117,-0.3385070264339447,0.06719975918531418
1828,1,0,0.8809882402420044,-0.3328576982021332,0.07131902128458023
1829,1,0,0.8600316047668457,-0.33293846249580383,0.07243182510137558
1830,1,0,0.8126904964447021,-0.3324781656265259,0.06655381619930267
1831,1,0,0.7192424535751343,-0.302329957485199,0.043085381388664246
1832,1,0,0.5977033972740173,-0.2526574432849884,0.024435408413410187
1833,1,0,0.47854092717170715,-0.19917455315589905,0.022954000160098076
1917,0,0,0.5764408111572266,0.16822537779808044,-0.19365531206130981
1918,0,0,0.5955148339271545,0.11310295760631561,-0.21426555514335632
1919,0,0,0.564440131187439,0.08024533838033676,-0.21111175417900085
1920,0,0,0.5596864819526672,0.07987792789936066,-0.20922204852104187
1921,0,0,0.5595725774765015,0.07140176743268967,-0.20687700808048248
1922,0,0,0.5564712285995483,0.05638058856129646,-0.20722976326942444
1923,0,0,0.5594022274017334,0.06994950771331787,-0.21027490496635437
1924,0,0,0.5404618382453918,0.08397599309682846,-0.20662784576416016
1925,0,0,0.5210849642753601,0.09266853332519531,-0.20566236972808838
1926,0,0,0.502753496170044,0.10917474329471588,-0.20939767360687256
1927,0,0,0.46531978249549866,0.0852237269282341,-0.2074083685874939
1930,0,0,0.4628521502017975,0.054375190287828445,-0.19650043547153473
1931,0,0,0.4879555106163025,0.061444200575351715,-0.19391877949237823
1932,0,0,0.5063586831092834,0.06744310259819031,-0.1942889541387558
1933,0,0,0.5071356296539307,0.053609371185302734,-0.194112166762352
1934,0,0,0.5033263564109802,0.03793134167790413,-0.19508522748947144
1935,0,0,0.49654674530029297,0.03387782350182533,-0.19435983896255493
1936,0,0,0.5018101334571838,0.035322003066539764,-0.19552262127399445
1937,0,0,0.516413688659668,0.08022713661193848,-0.20033635199069977
1938,0,0,0.4906979203224182,0.06614169478416443,-0.19029325246810913
1942,1,0,0.5049880146980286,-0.09458183497190475,-0.010464882478117943
1943,1,0,0.5373715162277222,-0.08021006733179092,-0.01340858731418848
1944,1,0,0.5566362142562866,-0.0736742839217186,-0.0166317168623209
1945,1,0,0.5341152548789978,-0.06033742427825928,-0.01708587072789669
1946,1,0,0.5306409001350403,-0.04972420260310173,-0.021766196936368942
1947,1,0,0.5541676878929138,-0.0644521415233612,-0.03127748519182205
1948,1,0,0.5928213596343994,-0.06972402334213257,-0.04275666922330856
1949,1,0,0.5454180240631104,-0.08061672002077103,-0.05639347434043884
1950,1,0,0.7323346734046936,-0.2646040916442871,-0.043576449155807495
1951,1,0,0.7984148859977722,-0.2867633104324341,-0.03413448482751846
1952,1,0,0.8419001698493958,-0.32385072112083435,-0.03286837413907051
1953,1,0,0.8863464593887329,-0.3372937738895416,-0.04104890674352646
1954,1,0,0.8919005990028381,-0.34253090620040894,-0.03671718388795853
1955,1,0,0.8963358402252197,-0.3401307463645935,-0.034295227378606796
1956,1,0,0.9017686247825623,-0.3417040705680847,-0.03480403870344162
1957,1,0,0.8984907269477844,-0.35258787870407104,-0.023318368941545486
1958,1,0,0.8972969651222229,-0.3537832796573639,-0.01679769903421402
1959,1,0,0.8942335247993469,-0.3582138121128082,-0.015885068103671074
1960,1,0,0.8980099558830261,-0.3676016330718994,-0.022772587835788727
1961,1,0,0.9110071659088135,-0.36095333099365234,-0.03215303644537926
1962,1,0,0.9149324893951416,-0.3554215133190155,-0.030565327033400536
1963,1,0,0.9135686159133911,-0.35438403487205505,-0.023116355761885643
1964,1,0,0.9091224670410156,-0.34699735045433044,-0.021010249853134155
1965,1,0,0.9144572615623474,-0.3398827314376831,-0.02692972868680954
1966,1,0,0.9206411838531494,-0.33545470237731934,-0.031213784590363503
1967,1,0,0.9195419549942017,-0.3337814509868622,-0.03037884831428528
1968,1,0,0.9163479208946228,-0.3241909146308899,-0.032409120351076126
1969,1,0,0.9131988286972046,-0.30542537569999695,-0.03642057627439499
1970,1,0,0.9204251766204834,-0.29451194405555725,-0.04764270409941673
1971,1,0,0.9188363552093506,-0.29338523745536804,-0.047929778695106506
1972,1,0,0.9140459895133972,-0.30321210622787476,-0.04557717591524124
1973,1,0,0.9126960635185242,-0.3029061555862427,-0.048065025359392166
1974,1,0,0.9092137813568115,-0.29772889614105225,-0.04718039184808731
1975,1,0,0.8986991047859192,-0.2963152527809143,-0.04369552433490753
1976,1,0,0.884986400604248,-0.3139822483062744,-0.048430196940898895
1977,1,0,0.8866549730300903,-0.32261767983436584,-0.06436751782894135
1978,1,0,0.8770321011543274,-0.3215925693511963,-0.0711362212896347
1979,1,0,0.875336229801178,-0.31897449493408203,-0.07492879033088684
1980,1,0,0.8769729137420654,-0.3129548728466034,-0.07440540194511414
1981,1,0,0.8813278079032898,-0.30808714032173157,-0.06988738477230072
1982,1,0,0.8881028890609741,-0.30454251170158386,-0.06557372212409973
1983,1,0,0.9054661393165588,-0.29286202788352966,-0.061539504677057266
1984,1,0,0.9089187979698181,-0.27002471685409546,-0.0570216104388237
1985,1,0,0.9145524501800537,-0.2429739236831665,-0.06272824108600616
1986,1,0,0.9129948616027832,-0.2260035276412964,-0.05997241288423538
1987,1,0,0.9092575311660767,-0.19897061586380005,-0.06023170426487923
1988,1,0,0.9133577346801758,-0.16884924471378326,-0.0679575502872467
1989,1,0,0.9155946969985962,-0.16481922566890717,-0.06828485429286957
1990,1,0,0.9178265333175659,-0.16225875914096832,-0.06525653600692749
1991,1,0,0.9166086912155151,-0.14164778590202332,-0.065935879945755
1992,1,0,0.9136574268341064,-0.12661582231521606,-0.0624438114464283
1993,1,0,0.9094172716140747,-0.11332782357931137,-0.06035853549838066
1994,1,0,0.9116769433021545,-0.11106161773204803,-0.06535107642412186
1995,1,0,0.9083865880966187,-0.10946167260408401,-0.06351551413536072
1996,1,0,0.8970882296562195,-0.11321061104536057,-0.053663551807403564
1997,1,0,0.8867579698562622,-0.1066674217581749,-0.05555417388677597
1998,1,0,0.88775235414505,-0.0933384969830513,-0.07363284379243851
1999,1,0,0.8510151505470276,-0.1255321502685547,-0.07851798832416534
2000,1,0,0.654877781867981,-0.060551490634679794,-0.1393653154373169
2001,1,0,0.6534463167190552,-0.08250526338815689,-0.14392457902431488
2002,1,0,0.6384758949279785,-0.10063492506742477,-0.13546209037303925
2003,1,0,0.6307848691940308,-0.11062174290418625,-0.13142839074134827
2004,1,0,0.6539918184280396,-0.11761767417192459,-0.1308186948299408
2005,1,0,0.7090700268745422,-0.11603683978319168,-0.1318209022283554
2006,1,0,0.7782169580459595,-0.10844217985868454,-0.12710705399513245
2007,1,0,0.8761656284332275,-0.04211639612913132,-0.11466124653816223
2008,1,0,0.9086675047874451,-0.04970502108335495,-0.10455580055713654
2009,1,0,0.9156975746154785,-0.07040775567293167,-0.09754665940999985
2010,1,0,0.9151752591133118,-0.08385424315929413,-0.09229492396116257
2011,1,0,0.9171724915504456,-0.09600496292114258,-0.09163756668567657
2012,1,0,0.9206879138946533,-0.1008697971701622,-0.09053228050470352
2013,1,0,0.9225641489028931,-0.11100305616855621,-0.08803102374076843
2014,1,0,0.9235455989837646,-0.12649396061897278,-0.08246371895074844
2015,1,0,0.9240578413009644,-0.1396685689687729,-0.0797458216547966
2016,1,0,0.9237366914749146,-0.14529205858707428,-0.07804667949676514
2017,1,0,0.9225813150405884,-0.1430526077747345,-0.07636123150587082
2018,1,0,0.9176711440086365,-0.13734707236289978,-0.07178854942321777
2019,1,0,0.9146291017532349,-0.13101397454738617,-0.06856313347816467
2020,1,0,0.9132020473480225,-0.13962754607200623,-0.06588441878557205
2021,1,0,0.9125555157661438,-0.1517445296049118,-0.060466036200523376
2022,1,0,0.9108870029449463,-0.15223029255867004,-0.05823890492320061
2023,1,0,0.9144570231437683,-0.16111961007118225,-0.060499079525470734
2024,1,0,0.9137867093086243,-0.17501309514045715,-0.05497010797262192
2025,1,0,0.9180288314819336,-0.17272335290908813,-0.05314517766237259
2026,1,0,0.9172818660736084,-0.18511870503425598,-0.04192228987812996
2027,1,0,0.9128032922744751,-0.1930004209280014,-0.0349542535841465
2028,1,0,0.9119580984115601,-0.19972063601016998,-0.037863560020923615
2029,1,0,0.9028012752532959,-0.19178302586078644,-0.03435646370053291
2030,1,0,0.8871559500694275,-0.17520098388195038,-0.032353464514017105
2031,1,0,0.8715152144432068,-0.1622348129749298,-0.03764527663588524
2032,1,0,0.8705976009368896,-0.14884302020072937,-0.042337674647569656
2033,1,0,0.8819620609283447,-0.1531650722026825,-0.04427105933427811
2034,1,0,0.8804268836975098,-0.16351081430912018,-0.04472894221544266
2035,1,0,0.8879122138023376,-0.17729176580905914,-0.05112124979496002
2036,1,0,0.8840209245681763,-0.17766162753105164,-0.04908870533108711
2037,1,0,0.8708366751670837,-0.16604948043823242,-0.04778027534484863
2038,1,0,0.8527276515960693,-0.1618194729089737,-0.04971729591488838
2039,1,0,0.8468032479286194,-0.1583946943283081,-0.0524049736559391
2040,1,0,0.836677610874176,-0.1481868028640747,-0.053469784557819366
2041,1,0,0.8296880722045898,-0.1322561502456665,-0.0468953475356102
2042,1,0,0.8145970106124878,-0.115943044424057,-0.05335189402103424
2043,1,0,0.7582467794418335,-0.07336396723985672,-0.0548427440226078
2044,1,0,0.7108691930770874,-0.049497250467538834,-0.052248600870370865
2045,1,0,0.7062983512878418,-0.034467559307813644,-0.04680623114109039
2046,1,0,0.6837227940559387,-0.010264505632221699,-0.04435981810092926
2047,1,0,0.6287789344787598,0.007564336992800236,-0.043178532272577286
2048,1,0,0.6073164939880371,0.007459781598299742,-0.052789922803640366
2049,1,0,0.5408661961555481,-0.018276961520314217,-0.06461410224437714
2050,1,0,0.6518760919570923,-0.1762000173330307,-0.038911592215299606
2051,1,0,0.7278562784194946,-0.18048207461833954,-0.03835463523864746
2052,1,0,0.8066033124923706,-0.20868991315364838,-0.04264087229967117
2053,1,0,0.8359326720237732,-0.2229333221912384,-0.03328382596373558
2054,1,0,0.8473681211471558,-0.22260339558124542,-0.023924613371491432
2055,1,0,0.8539224863052368,-0.2323559820652008,-0.02072552964091301
2056,1,0,0.8516057729721069,-0.2485649138689041,-0.01130616944283247
2057,1,0,0.8601632714271545,-0.2613552212715149,-4.1134655475616455e-05
2058,1,0,0.8836033344268799,-0.27067622542381287,0.008779680356383324
2059,1,0,0.8931642770767212,-0.27617016434669495,0.013297585770487785
2060,1,0,0.8913482427597046,-0.27671414613723755,0.015137752518057823
2061,1,0,0.8880794644355774,-0.28390252590179443,0.0153657840564847
2062,1,0,0.8951312303543091,-0.281022846698761,0.015918176621198654
2063,1,0,0.9016160368919373,-0.27570676803588867,0.01775587722659111
2064,1,0,0.896390974521637,-0.26877135038375854,0.018160074949264526
2065,1,0,0.8941994905471802,-0.26422780752182007,0.015347899869084358
2066,1,0,0.885909378528595,-0.26307281851768494,0.01465262658894062
2067,1,0,0.8836933374404907,-0.2663833796977997,0.009471021592617035
2068,1,0,0.8966493010520935,-0.2659362852573395,0.004804268945008516
2069,1,0,0.9079673290252686,-0.27918967604637146,0.005108044017106295
2070,1,0,0.9045183658599854,-0.2882140576839447,0.010385758243501186
2071,1,0,0.9056567549705505,-0.2927089035511017,0.015347564592957497
2072,1,0,0.908302903175354,-0.29803264141082764,0.01997208222746849
2073,1,0,0.8950960040092468,-0.31322845816612244,0.030357908457517624
2074,1,0,0.8788593411445618,-0.32639279961586,0.031320441514253616
2075,1,0,0.8640614748001099,-0.3421120345592499,0.029328813776373863
2076,1,0,0.8560553789138794,-0.35992923378944397,0.024974025785923004
2077,1,0,0.8639661073684692,-0.38986074924468994,0.027792535722255707
2078,1,0,0.8770801424980164,-0.4118531048297882,0.027761312201619148
2079,1,0,0.8985956907272339,-0.41397225856781006,0.02791265770792961
2080,1,0,0.8910642862319946,-0.4441463053226471,0.03528477996587753
2081,1,0,0.8778135776519775,-0.46390068531036377,0.044772565364837646
2082,1,0,0.8697273135185242,-0.46896785497665405,0.048359744250774384
2083,1,0,0.8630086183547974,-0.46486374735832214,0.05098816752433777
2084,1,0,0.8548423647880554,-0.4721943438053131,0.053703729063272476
2085,1,0,0.8542199730873108,-0.4825705289840698,0.057577796280384064
2086,1,0,0.8579015135765076,-0.491285115480423,0.05882788449525833
2087,1,0,0.8748769164085388,-0.5000185966491699,0.0500725582242012
2088,1,0,0.879289448261261,-0.5000126957893372,0.04421837255358696
2089,1,0,0.8834619522094727,-0.4920370578765869,0.04321342334151268
2090,1,0,0.8919227719306946,-0.47887080907821655,0.04110400378704071
2091,1,0,0.8927333950996399,-0.48426127433776855,0.04201704263687134
2092,1,0,0.8903529644012451,-0.48464953899383545,0.04287756606936455
2093,1,0,0.8781517744064331,-0.4841473400592804,0.04586220532655716
2094,1,0,0.8733721971511841,-0.47369441390037537,0.04444906488060951
2095,1,0,0.8688926100730896,-0.4588124752044678,0.0395844541490078
2096,1,0,0.8227221965789795,-0.45415198802948,0.03830959275364876
2097,1,0,0.7383298277854919,-0.4157111942768097,0.017648927867412567
2098,1,0,0.631531834602356,-0.3359454274177551,0.00040116903255693614
2099,1,0,0.5474727153778076,-0.25700274109840393,-0.0162772536277771
2100,1,0,0.5997054576873779,-0.031029436737298965,-0.09668461978435516
2101,0,0,0.3368532359600067,0.35861560702323914,-0.14114968478679657
2101,1,0,0.7042528390884399,-0.06025584787130356,-0.13923928141593933
2102,1,0,0.7263602018356323,-0.08168215304613113,-0.14887186884880066
2103,1,0,0.7393821477890015,-0.10163062810897827,-0.14356277883052826
2104,1,0,0.7611238360404968,-0.11356057971715927,-0.14535900950431824
2105,1,0,0.7812045216560364,-0.12387016415596008,-0.14350244402885437
2106,1,0,0.8154718279838562,-0.12465842813253403,-0.14322429895401
2107,1,0,0.8696517944335938,-0.1069088950753212,-0.1467067301273346
2108,1,0,0.882072925567627,-0.07293211668729782,-0.14324818551540375
2109,1,0,0.8745810985565186,-0.06356874853372574,-0.13681897521018982
2110,1,0,0.8430060148239136,-0.052146248519420624,-0.14352542161941528
2111,1,0,0.8050149083137512,-0.033781640231609344,-0.13724659383296967
2112,1,0,0.7921180725097656,-0.04550381377339363,-0.14463120698928833
2113,1,0,0.7876580953598022,-0.06833157688379288,-0.1363779455423355
2114,1,0,0.7861994504928589,-0.0842682346701622,-0.13521060347557068
2115,1,0,0.7849046587944031,-0.08846432715654373,-0.1323046237230301
2116,1,0,0.8186407685279846,-0.07729312777519226,-0.12293682247400284
2117,1,0,0.8436418175697327,-0.06600014120340347,-0.11031804978847504
2118,1,0,0.8614832162857056,-0.0548187680542469,-0.10906960815191269
2119,1,0,0.8578631281852722,-0.032161351293325424,-0.10825935751199722
2120,1,0,0.8683977127075195,-0.01090221107006073,-0.11194951832294464
2121,1,0,0.8701528906822205,0.038582585752010345,-0.13406401872634888
2122,1,0,0.8519549369812012,0.0649220421910286,-0.13672345876693726
2123,1,0,0.841914176940918,0.00907015148550272,-0.13192330300807953
2124,1,0,0.8347634673118591,-0.020405007526278496,-0.12126106768846512
2125,1,0,0.8283665180206299,-0.026705347001552582,-0.1224542185664177
2126,1,0,0.7776247262954712,-0.015653716400265694,-0.12182334065437317
2127,1,0,0.7298412322998047,-0.002073840005323291,-0.12178920954465866
2128,1,0,0.7091578841209412,-0.0004950966103933752,-0.11753183603286743
2129,1,0,0.7362046241760254,-0.006070446223020554,-0.11225120723247528
2130,1,0,0.7990682721138,-0.02253866195678711,-0.09901357442140579
2131,1,0,0.870851457118988,-0.011462793685495853,-0.09930656850337982
2132,1,0,0.8900779485702515,-0.053529828786849976,-0.08710012584924698
2133,1,0,0.8952029943466187,-0.07366196066141129,-0.0806775838136673
2134,1,0,0.8974073529243469,-0.08525077253580093,-0.07692964375019073
2135,1,0,0.9064288139343262,-0.08765170723199844,-0.07510574162006378
2136,1,0,0.9041109085083008,-0.06518611311912537,-0.08047563582658768
2137,1,0,0.8944478631019592,-0.04003220051527023,-0.08864128589630127
2138,1,0,0.895787239074707,-0.04774536192417145,-0.10001715272665024
2139,1,0,0.8893499970436096,-0.054088614881038666,-0.10427115112543106
2140,1,0,0.887022078037262,-0.07787775993347168,-0.08471375703811646
2141,1,0,0.8882999420166016,-0.08837144821882248,-0.07141954451799393
2142,1,0,0.8907530903816223,-0.1027187928557396,-0.07015770673751831
2143,1,0,0.8995869755744934,-0.10277539491653442,-0.07406367361545563
2144,1,0,0.8897422552108765,-0.09205970168113708,-0.07006566226482391
2145,1,0,0.8732699155807495,-0.09016335010528564,-0.06670378893613815
2146,1,0,0.8684186935424805,-0.09128135442733765,-0.060875799506902695
2147,1,0,0.8868483304977417,-0.09569873660802841,-0.05451737716794014
2148,1,0,0.8694895505905151,-0.07491505146026611,-0.04657335951924324
2149,1,0,0.8307748436927795,-0.06636567413806915,-0.06957770884037018
2150,1,0,0.7291837334632874,-0.13477933406829834,-0.03622075170278549
2151,1,0,0.7505741119384766,-0.1508902609348297,-0.028931275010108948
2152,1,0,0.7647939920425415,-0.17939797043800354,-0.024532681331038475
2153,1,0,0.8143297433853149,-0.19081678986549377,-0.022426625713706017
2154,1,0,0.8127255439758301,-0.20389559864997864,-0.014589057303965092
2155,1,0,0.8217900991439819,-0.21579548716545105,-0.023228254169225693
2156,1,0,0.8382179737091064,-0.20912621915340424,-0.028773920610547066
2157,1,0,0.8505823612213135,-0.1922788769006729,-0.02697264589369297
2158,1,0,0.8643313646316528,-0.21289466321468353,-0.013844424858689308
2159,1,0,0.871205747127533,-0.22816461324691772,-0.004067368805408478
2160,1,0,0.8679353594779968,-0.24084517359733582,-0.0013054602313786745
2161,1,0,0.8720460534095764,-0.24253256618976593,-0.004467129707336426
2162,1,0,0.866889238357544,-0.2313915640115738,-0.007985996082425117
2163,1,0,0.8546789884567261,-0.2234894335269928,-0.01208401471376419
2164,1,0,0.8640748262405396,-0.23697824776172638,-0.011229206807911396
2165,1,0,0.8996119499206543,-0.2617710530757904,-0.009488163515925407
2166,1,0,0.8958439230918884,-0.26360049843788147,-0.00042589750955812633
2167,1,0,0.8807938098907471,-0.24950523674488068,0.003918925765901804
2168,1,0,0.8636007905006409,-0.24539770185947418,0.0018165091751143336
2169,1,0,0.855272650718689,-0.23271529376506805,-0.0038418134208768606
2170,1,0,0.8601543307304382,-0.21051736176013947,-0.013493330217897892
2171,1,0,0.8853867650032043,-0.18350332975387573,-0.018826331943273544
2172,1,0,0.9005216956138611,-0.20698784291744232,-0.018298855051398277
2173,1,0,0.9119536876678467,-0.22237201035022736,-0.008585205301642418
2174,1,0,0.9151495695114136,-0.21329857409000397,-0.006108714733272791
2175,1,0,0.9146170616149902,-0.21146485209465027,-0.009246659465134144
2176,1,0,0.9179279804229736,-0.20442670583724976,-0.015747876837849617
2177,1,0,0.9169625043869019,-0.18710462749004364,-0.017363687977194786
2178,1,0,0.9089373350143433,-0.16242773830890656,-0.022812651470303535
2179,1,0,0.90913987159729,-0.1631106436252594,-0.03048849105834961
2180,1,0,0.9019096493721008,-0.16220073401927948,-0.029845967888832092
2181,1,0,0.8991150856018066,-0.17051543295383453,-0.01602383702993393
2182,1,0,0.8986409902572632,-0.17110712826251984,-0.0015335220377892256
2183,1,0,0.8976532816886902,-0.1705625355243683,0.0038391014095395803
2184,1,0,0.8991631269454956,-0.16409824788570404,0.00020459294319152832
2185,1,0,0.8977564573287964,-0.13856618106365204,-0.010294877924025059
2186,1,0,0.9022301435470581,-0.10319285839796066,-0.022552957758307457
2187,1,0,0.9198065996170044,-0.06486345827579498,-0.041155148297548294
2188,1,0,0.9187895059585571,-0.08156151324510574,-0.036538440734148026
2189,1,0,0.9205804467201233,-0.11550714820623398,-0.029210997745394707
2190,1,0,0.924004852771759,-0.12365981191396713,-0.027779433876276016
2191,1,0,0.9274983406066895,-0.11353185772895813,-0.026604099199175835
2192,1,0,0.922420859336853,-0.11131791770458221,-0.01965264417231083
2193,1,0,0.9127696752548218,-0.10552709549665451,-0.01248428225517273
2194,1,0,0.8948137164115906,-0.11102008819580078,-0.016728509217500687
2195,1,0,0.8743228912353516,-0.09672410041093826,-0.022875329479575157
2196,1,0,0.8635877966880798,-0.07992000877857208,-0.0354006290435791
2197,1,0,0.882153332233429,-0.0699293240904808,-0.0409853495657444
2198,1,0,0.8988763689994812,-0.06422211974859238,-0.048722825944423676
2199,1,0,0.8708115816116333,-0.09307825565338135,-0.061584170907735825
2200,1,0,0.5836476683616638,-0.40566834807395935,-0.021022697910666466
2201,1,0,0.6944587230682373,-0.39514896273612976,-0.01489291526377201
2202,1,0,0.6913051605224609,-0.39984816312789917,-0.006080217193812132
2203,1,0,0.6655051708221436,-0.4149225056171417,0.0040324036963284016
2204,1,0,0.6436351537704468,-0.43444114923477173,0.010675658471882343
2205,1,0,0.6398371458053589,-0.48285239934921265,0.010880406014621258
2206,1,0,0.6260104775428772,-0.49053671956062317,0.019730011001229286
2207,1,0,0.6184974908828735,-0.49527105689048767,0.031477153301239014
2208,1,0,0.6327900886535645,-0.5034241676330566,0.032242100685834885
2209,1,0,0.6647182106971741,-0.5097209811210632,0.024443553760647774
2210,1,0,0.641325831413269,-0.511669933795929,0.029318377375602722
2211,1,0,0.6137644052505493,-0.5109655857086182,0.03382716327905655
2212,1,0,0.5966493487358093,-0.5002894401550293,0.02390773966908455
2213,1,0,0.5096340179443359,-0.449545294046402,0.01646946370601654
2214,1,0,0.39458009600639343,-0.3590221405029297,0.011000674217939377
2250,1,0,0.7834492921829224,0.0858004093170166,-0.14001120626926422
2251,1,0,0.8196345567703247,0.11577963083982468,-0.1556241661310196
2252,1,0,0.8082192540168762,0.11419574171304703,-0.14756575226783752
2253,1,0,0.7757270932197571,0.14783470332622528,-0.1384403109550476
2254,1,0,0.7390532493591309,0.1845359057188034,-0.1364927887916565
2255,1,0,0.7231651544570923,0.19503679871559143,-0.13787630200386047
2256,1,0,0.7232785224914551,0.18022805452346802,-0.13550904393196106
2257,1,0,0.7309242486953735,0.16383430361747742,-0.13211362063884735
2258,1,0,0.7444910407066345,0.10580991953611374,-0.11382680386304855
2259,1,0,0.7668797969818115,0.014936719089746475,-0.08931999653577805
2260,1,0,0.7932890057563782,-0.05970988795161247,-0.08086695522069931
2261,1,0,0.7884359359741211,-0.07530266791582108,-0.09258587658405304
2262,1,0,0.7766357660293579,-0.09072110801935196,-0.08188612759113312
2263,1,0,0.775295615196228,-0.1026473119854927,-0.08463314175605774
2264,1,0,0.7661573886871338,-0.1109626293182373,-0.08108928054571152
2265,1,0,0.7504147291183472,-0.1373712420463562,-0.07530941814184189
2266,1,0,0.7476691007614136,-0.1601117104291916,-0.0715036541223526
2267,1,0,0.7547374963760376,-0.16107520461082458,-0.06651395559310913
2268,1,0,0.7654939293861389,-0.16270393133163452,-0.06553933769464493
2269,1,0,0.7833825945854187,-0.1699128895998001,-0.06600777804851532
2270,1,0,0.7993807792663574,-0.17980903387069702,-0.06655888259410858
2271,1,0,0.8091002702713013,-0.19076324999332428,-0.0680057555437088
2272,1,0,0.836898684501648,-0.205480694770813,-0.07148168236017227
2273,1,0,0.8429697155952454,-0.21256029605865479,-0.07120159268379211
2274,1,0,0.8237584829330444,-0.2078683078289032,-0.07062743604183197
2275,1,0,0.7799112200737,-0.18511918187141418,-0.06552590429782867
2276,1,0,0.7460623979568481,-0.15646187961101532,-0.05633553862571716
2277,1,0,0.7393292188644409,-0.1363591104745865,-0.05537005141377449
2278,1,0,0.7478286027908325,-0.1461753398180008,-0.059591710567474365
2279,1,0,0.7701739072799683,-0.15270501375198364,-0.07160844653844833
2280,1,0,0.763526439666748,-0.15160563588142395,-0.07662869244813919
2281,1,0,0.7350281476974487,-0.14820297062397003,-0.0801490917801857
2282,1,0,0.6941145658493042,-0.13890427350997925,-0.0723535493016243
2283,1,0,0.6711446642875671,-0.13361743092536926,-0.06506610661745071
2284,1,0,0.6728205680847168,-0.14148487150669098,-0.06121775135397911
2285,1,0,0.69032222032547,-0.16281649470329285,-0.050699684768915176
2286,1,0,0.7489519715309143,-0.16676326096057892,-0.024352489039301872
2287,1,0,0.8176064491271973,-0.11786741763353348,0.0061117918230593204
2288,1,0,0.8116728067398071,-0.08574134111404419,0.01562940515577793
2289,1,0,0.7398948669433594,-0.05593105033040047,-0.010544691234827042
2290,1,0,0.5869953632354736,-0.0151171600446105,-0.024016499519348145
2327,1,0,0.48622047901153564,0.12085253745317459,-0.09088447690010071
2328,1,0,0.48649877309799194,0.12515103816986084,-0.09655704349279404
2355,1,0,0.5290158987045288,-0.07297864556312561,-0.05849841609597206
2356,1,0,0.5899540185928345,-0.07416938245296478,-0.07732290774583817
2357,1,0,0.7286869287490845,-0.11007270961999893,-0.09773003309965134
2358,1,0,0.7504889369010925,-0.09431485831737518,-0.11654075980186462
2359,1,0,0.7598280906677246,-0.09443220496177673,-0.12124799191951752
2360,1,0,0.7741825580596924,-0.09656199812889099,-0.1196717917919159
2361,1,0,0.7921001315116882,-0.08681344240903854,-0.10921556502580643
2362,1,0,0.782018780708313,-0.07526769489049911,-0.09511061012744904
2363,1,0,0.789585530757904,-0.08978648483753204,-0.10097289085388184
2364,1,0,0.7793606519699097,-0.08391720056533813,-0.09745897352695465
2365,1,0,0.7575165033340454,-0.06757254898548126,-0.0997290089726448
2366,1,0,0.7318546175956726,-0.06512834876775742,-0.10566749423742294
2367,1,0,0.7076112031936646,-0.04823565483093262,-0.10609124600887299
2368,1,0,0.7069312334060669,-0.038971174508333206,-0.10735473036766052
2369,1,0,0.7372784614562988,-0.07720649242401123,-0.1175062507390976
2370,1,0,0.7543370723724365,-0.1040540263056755,-0.1200496256351471
2371,1,0,0.7669926881790161,-0.11745007336139679,-0.11856488883495331
2372,1,0,0.7967947125434875,-0.12848521769046783,-0.12713761627674103
2373,1,0,0.8170499801635742,-0.14090563356876373,-0.13190053403377533
2374,1,0,0.82105952501297,-0.14806833863258362,-0.12682102620601654
2375,1,0,0.8186193108558655,-0.1470799446105957,-0.12577438354492188
2376,1,0,0.8192667961120605,-0.15734773874282837,-0.12813717126846313
2377,1,0,0.8155364394187927,-0.16551946103572845,-0.1329539269208908
2378,1,0,0.825265109539032,-0.17556579411029816,-0.12932533025741577
2379,1,0,0.8258919715881348,-0.17522592842578888,-0.12785829603672028
2380,1,0,0.8235669136047363,-0.1718510538339615,-0.12030235677957535
2381,1,0,0.8368405103683472,-0.17633694410324097,-0.12200943380594254
2382,1,0,0.8042917251586914,-0.14612634479999542,-0.12454181909561157
2383,1,0,0.7435741424560547,-0.1133156269788742,-0.13238297402858734
2384,1,0,0.6925049424171448,-0.09847315400838852,-0.13648101687431335
2385,1,0,0.6537150144577026,-0.09035629034042358,-0.13406522572040558
2386,1,0,0.5502550601959229,-0.05325969681143761,-0.11559482663869858
2389,0,0,0.4665631055831909,0.2765139043331146,-0.1501317024230957
2390,0,0,0.6593680381774902,0.2689879834651947,-0.2233971506357193
2391,0,0,0.6554060578346252,0.24931806325912476,-0.22446565330028534
2392,0,0,0.6752400398254395,0.2559036910533905,-0.22151142358779907
2393,0,0,0.6913421750068665,0.2623238265514374,-0.21523424983024597
2394,0,0,0.6730223894119263,0.24933044612407684,-0.21194522082805634
2395,0,0,0.658854603767395,0.2285502552986145,-0.21264418959617615
2396,0,0,0.6395263671875,0.23489652574062347,-0.2025115191936493
2397,0,0,0.6330033540725708,0.2335890233516693,-0.20438984036445618
2398,0,0,0.6229369640350342,0.23832063376903534,-0.18837392330169678
2399,0,0,0.5924269556999207,0.22710344195365906,-0.15455938875675201
2400,1,0,0.7492558360099792,-0.23141591250896454,-0.046094756573438644
2401,1,0,0.7905350923538208,-0.23290814459323883,-0.06323342025279999
2402,1,0,0.8066755533218384,-0.2773582339286804,-0.07013044506311417
2403,1,0,0.8140924572944641,-0.2627187669277191,-0.08850786089897156
2404,1,0,0.8168833255767822,-0.25957053899765015,-0.0896168127655983
2405,1,0,0.8307821750640869,-0.2522951066493988,-0.09500285983085632
2406,1,0,0.8470140099525452,-0.25237759947776794,-0.09615129977464676
2407,1,0,0.8550565838813782,-0.2559851408004761,-0.07830342650413513
2408,1,0,0.8557499647140503,-0.2779141664505005,-0.0759643018245697
2409,1,0,0.859283983707428,-0.2882450819015503,-0.08079048246145248
2410,1,0,0.8716944456100464,-0.293687641620636,-0.0757078304886818
2411,1,0,0.898792564868927,-0.29099541902542114,-0.062056440860033035
2412,1,0,0.8995563387870789,-0.2868495285511017,-0.05105370283126831
2413,1,0,0.885770320892334,-0.27798184752464294,-0.0380106046795845
2414,1,0,0.8730173707008362,-0.2675277590751648,-0.03701844438910484
2415,1,0,0.8684033155441284,-0.2613740563392639,-0.03848091512918472
2416,1,0,0.8791866898536682,-0.25652098655700684,-0.040424834936857224
2417,1,0,0.8760467767715454,-0.2654636800289154,-0.03754071518778801
2418,1,0,0.8654950261116028,-0.2723776698112488,-0.03676313906908035
2419,1,0,0.861285924911499,-0.27365368604660034,-0.03765516355633736
2420,1,0,0.8735766410827637,-0.27557992935180664,-0.040412358939647675
2421,1,0,0.902041494846344,-0.26676204800605774,-0.046833887696266174
2422,1,0,0.9111506342887878,-0.27996277809143066,-0.047875888645648956
2423,1,0,0.9123134613037109,-0.3052822947502136,-0.04687421768903732
2424,1,0,0.9088624715805054,-0.31830069422721863,-0.044217631220817566
2425,1,0,0.9003294110298157,-0.28355491161346436,-0.043630726635456085
2426,1,0,0.8948787450790405,-0.27417832612991333,-0.045229699462652206
2427,1,0,0.9031987190246582,-0.26624974608421326,-0.0520700141787529
2428,1,0,0.8934106826782227,-0.271314412355423,-0.0442117415368557
2429,1,0,0.8844685554504395,-0.2620448172092438,-0.04812408611178398
2430,1,0,0.8811380863189697,-0.24442557990550995,-0.05704759433865547
2431,1,0,0.8854344487190247,-0.2239072620868683,-0.06397198885679245
2432,1,0,0.8799943923950195,-0.21172767877578735,-0.058975983411073685
2433,1,0,0.8665777444839478,-0.19302058219909668,-0.05219508707523346
2434,1,0,0.8468184471130371,-0.15693272650241852,-0.059677593410015106
2435,1,0,0.810975968837738,-0.11057533323764801,-0.07271801680326462
2436,1,0,0.7981458902359009,-0.07861170917749405,-0.06093810498714447
2437,1,0,0.8237043619155884,-0.027311915531754494,-0.06270930916070938
2438,1,0,0.8084840774536133,-0.013053979724645615,-0.07364657521247864
2439,1,0,0.7758821249008179,-0.053229495882987976,-0.07764624804258347
2440,1,0,0.7545283436775208,-0.0017778966575860977,-0.08164393156766891
2441,1,0,0.7320137023925781,0.05059035122394562,-0.08318454772233963
2442,1,0,0.7170361280441284,0.08417072147130966,-0.08089365065097809
2443,1,0,0.6957198977470398,0.05602839216589928,-0.07243134826421738
2444,1,0,0.6840633153915405,0.06515787541866302,-0.07256734371185303
2445,1,0,0.6737577319145203,0.07356871664524078,-0.07622596621513367
2446,1,0,0.6678265333175659,0.08769603073596954,-0.08292912691831589
2447,1,0,0.6859456300735474,0.12278509140014648,-0.09270642697811127
2448,1,0,0.6507782340049744,0.12737970054149628,-0.09209315478801727
2449,1,0,0.5914891958236694,0.07528071105480194,-0.08503232896327972
2452,1,0,0.5491825938224792,0.19446589052677155,-0.09164541214704514
2453,1,0,0.5873980522155762,0.19560657441616058,-0.09053804725408554
2454,1,0,0.6220006346702576,0.13142842054367065,-0.0759599506855011
2455,1,0,0.6845008730888367,0.0694105327129364,-0.0720626637339592
2456,1,0,0.763161301612854,0.01109416875988245,-0.08317704498767853
2457,1,0,0.8389040231704712,-0.08027804642915726,-0.08821773529052734
2458,1,0,0.8551555871963501,-0.14037775993347168,-0.09422654658555984
2459,1,0,0.8550141453742981,-0.18525588512420654,-0.08304715901613235
2460,1,0,0.8500977754592896,-0.19994373619556427,-0.08065221458673477
2461,1,0,0.8543080687522888,-0.19806702435016632,-0.07654464244842529
2462,1,0,0.8665755987167358,-0.18693745136260986,-0.07084362953901291
2463,1,0,0.8712760210037231,-0.20025786757469177,-0.06546897441148758
2464,1,0,0.8819217085838318,-0.21042028069496155,-0.06046764925122261
2465,1,0,0.8951482772827148,-0.20627641677856445,-0.06143825501203537
2466,1,0,0.8991804122924805,-0.2051486223936081,-0.05765301361680031
2467,1,0,0.9047324657440186,-0.1989879310131073,-0.0627586767077446
2468,1,0,0.9089081883430481,-0.18396705389022827,-0.06976409256458282
2469,1,0,0.904708743095398,-0.16378094255924225,-0.06991022825241089
2470,1,0,0.9026601910591125,-0.15088754892349243,-0.07118650525808334
2471,1,0,0.9088500738143921,-0.12270911782979965,-0.07585325092077255
2472,1,0,0.8996608853340149,-0.12427133321762085,-0.061904557049274445
2473,1,0,0.8906058669090271,-0.13587504625320435,-0.04889654368162155
2474,1,0,0.8889075517654419,-0.15015307068824768,-0.04763389751315117
2475,1,0,0.8813351392745972,-0.14510996639728546,-0.036232125014066696
2476,1,0,0.8665932416915894,-0.1327948421239853,-0.028537480160593987
2477,1,0,0.843956470489502,-0.1329273283481598,-0.02691599167883396
2478,1,0,0.8150716423988342,-0.1331716626882553,-0.028243623673915863
2479,1,0,0.7881612777709961,-0.1318841576576233,-0.031693294644355774
2480,1,0,0.7762112021446228,-0.12582796812057495,-0.040731966495513916
2481,1,0,0.714192271232605,-0.08162814378738403,-0.04250003769993782
2482,1,0,0.6426494121551514,-0.015144803561270237,-0.04268847405910492
2483,1,0,0.5757789611816406,0.025094451382756233,-0.04054393991827965
2484,1,0,0.5059615969657898,0.08844791352748871,-0.03923320397734642
2485,1,0,0.46725159883499146,0.23737923800945282,-0.0409090556204319
2486,1,0,0.4856429100036621,0.39749714732170105,-0.051161523908376694
2487,1,0,0.4100389778614044,0.3827122151851654,-0.03828548640012741
2488,1,0,0.3315473198890686,0.38949504494667053,-0.033104222267866135
2489,1,0,0.29689711332321167,0.4161907732486725,-0.03685911372303963
2500,1,0,0.5651378035545349,-0.054666668176651,-0.10785786807537079
2501,1,0,0.6928966045379639,-0.06567864865064621,-0.13034506142139435
2502,1,0,0.8174281120300293,-0.08600305765867233,-0.16056279838085175
2503,1,0,0.8541401028633118,-0.09768714010715485,-0.17417964339256287
2504,1,0,0.8676450252532959,-0.10928095132112503,-0.1706192046403885
2505,1,0,0.871164083480835,-0.11701774597167969,-0.17309615015983582
2506,1,0,0.8688536882400513,-0.11882028728723526,-0.1796363741159439
2507,1,0,0.8663254976272583,-0.09858552366495132,-0.189767986536026
2508,1,0,0.8647769689559937,-0.09485325217247009,-0.19387927651405334
2509,1,0,0.8725550174713135,-0.11507841944694519,-0.20393504202365875
2510,1,0,0.8698606491088867,-0.11703672260046005,-0.20989741384983063
2511,1,0,0.8610572814941406,-0.10806889086961746,-0.2093711495399475
2512,1,0,0.8515583276748657,-0.09810447692871094,-0.20501402020454407
2513,1,0,0.8429815769195557,-0.09220556169748306,-0.20407924056053162
2514,1,0,0.8501195907592773,-0.08583499491214752,-0.21108537912368774
2515,1,0,0.8613592982292175,-0.09659364819526672,-0.21162892878055573
2516,1,0,0.8604245185852051,-0.09288184344768524,-0.20301185548305511
2517,1,0,0.8540626168251038,-0.08851051330566406,-0.19189724326133728
2518,1,0,0.8523761034011841,-0.08630870282649994,-0.19128842651844025
2519,1,0,0.8449126482009888,-0.08152419328689575,-0.18895229697227478
2520,1,0,0.8302335739135742,-0.08750124275684357,-0.17659571766853333
2521,1,0,0.8294746279716492,-0.08877349644899368,-0.16694863140583038
2522,1,0,0.8295685052871704,-0.08365046232938766,-0.1602092683315277
2523,1,0,0.8221424221992493,-0.06835827976465225,-0.15700069069862366
2524,1,0,0.7875853776931763,-0.06040572747588158,-0.1704348623752594
2525,1,0,0.7370965480804443,-0.034649912267923355,-0.16881227493286133
2526,1,0,0.7100352048873901,-0.017131976783275604,-0.16066139936447144
2527,1,0,0.7191725969314575,-0.035544004291296005,-0.15828099846839905
2528,1,0,0.7514832019805908,-0.06979305297136307,-0.16330879926681519
2529,1,0,0.7619267106056213,-0.08478502184152603,-0.16282835602760315
2530,1,0,0.754567563533783,-0.08424811065196991,-0.16719169914722443
2531,1,0,0.7366149425506592,-0.07670632749795914,-0.16597843170166016
2532,1,0,0.6842067837715149,-0.07347290217876434,-0.1622427999973297
2533,1,0,0.5889694690704346,-0.06792835891246796,-0.1503266841173172
2534,1,0,0.5477887988090515,-0.058941904455423355,-0.13463574647903442
2535,0,0,0.38456541299819946,0.39526256918907166,-0.1610671877861023
2535,1,0,0.551504373550415,-0.06804803758859634,-0.1418001800775528
2536,0,0,0.3925793468952179,0.39603951573371887,-0.17203371226787567
2536,1,0,0.5874443054199219,-0.07661917805671692,-0.14419817924499512
2537,0,0,0.3472781479358673,0.38361454010009766,-0.18077386915683746
2537,1,0,0.5919307470321655,-0.09886739403009415,-0.13994978368282318
2538,0,0,0.3502667546272278,0.33423298597335815,-0.1809970736503601
2538,1,0,0.5487188100814819,-0.11384238302707672,-0.13980910181999207
2539,1,0,0.5384073257446289,-0.11889474093914032,-0.13211213052272797
2540,1,0,0.5677147507667542,-0.13710486888885498,-0.13075312972068787
2541,1,0,0.6167322397232056,-0.16508497297763824,-0.1274672895669937
2542,1,0,0.6894756555557251,-0.15959933400154114,-0.1242152601480484
2543,1,0,0.746070146560669,-0.145127534866333,-0.11134495586156845
2544,1,0,0.7382621765136719,-0.12623994052410126,-0.10926304012537003
2545,1,0,0.6963061094284058,-0.10502462834119797,-0.11249929666519165
2546,1,0,0.6495442390441895,-0.08118399977684021,-0.10647942870855331
2547,1,0,0.6587433815002441,-0.06724579632282257,-0.1026909127831459
2548,1,0,0.7357320189476013,-0.04276633262634277,-0.11439584195613861
2549,1,0,0.7477818727493286,0.006130558904260397,-0.12260033190250397
2550,1,0,0.5530810952186584,-0.29829201102256775,-0.024872301146388054
2551,1,0,0.5232155919075012,-0.28861871361732483,-0.025177614763379097
2552,1,0,0.4753778576850891,-0.29407718777656555,-0.0285064484924078
2553,1,0,0.44847044348716736,-0.2572076618671417,-0.0325210839509964
2555,1,0,0.4823635220527649,-0.14606232941150665,-0.02892749384045601
2556,1,0,0.5792037844657898,-0.13085541129112244,-0.04117443040013313
2557,1,0,0.6616486310958862,-0.14339208602905273,-0.04755641892552376
2558,1,0,0.798629641532898,-0.18163807690143585,-0.055760182440280914
2559,1,0,0.8276350498199463,-0.2393513023853302,-0.045876264572143555
2560,1,0,0.8526713848114014,-0.2538621723651886,-0.039548009634017944
2561,1,0,0.8614926338195801,-0.2752741575241089,-0.04416568949818611
2562,1,0,0.868985116481781,-0.2795972526073456,-0.04584786668419838
2563,1,0,0.8730789422988892,-0.2859119772911072,-0.05118856206536293
2564,1,0,0.8806055188179016,-0.2827257215976715,-0.0582863986492157
2565,1,0,0.8813209533691406,-0.28665247559547424,-0.07000147551298141
2566,1,0,0.8490152955055237,-0.28586193919181824,-0.07298709452152252
2567,1,0,0.79295814037323,-0.25870850682258606,-0.09301482141017914
2568,1,0,0.7228105068206787,-0.21958136558532715,-0.10155687481164932
2569,1,0,0.6369718313217163,-0.16312137246131897,-0.10184203833341599
2570,1,0,0.5924279093742371,-0.1147473007440567,-0.10043103992938995
2571,1,0,0.6180512309074402,-0.11793641000986099,-0.10420112311840057
2572,1,0,0.6904655694961548,-0.12854290008544922,-0.10528389364480972
2573,1,0,0.761712908744812,-0.13359549641609192,-0.10635891556739807
2574,1,0,0.8124860525131226,-0.12575645744800568,-0.10498619824647903
2575,1,0,0.8396444916725159,-0.08963949978351593,-0.11156227439641953
2576,1,0,0.8396934270858765,-0.06706508994102478,-0.10852260142564774
2577,1,0,0.8390685319900513,-0.04502059146761894,-0.10716410726308823
2578,1,0,0.8228676319122314,-0.015470012091100216,-0.10608315467834473
2579,1,0,0.8061767816543579,-0.029311450198292732,-0.10063447058200836
2580,1,0,0.7909517884254456,-0.04680434614419937,-0.10296124964952469
2581,1,0,0.7659261226654053,-0.053817447274923325,-0.10961189866065979
2582,1,0,0.7490150928497314,-0.08303100615739822,-0.1107756644487381
2583,1,0,0.7492740154266357,-0.11731550097465515,-0.10853677988052368
2584,1,0,0.750686526298523,-0.14695295691490173,-0.10062294453382492
2585,1,0,0.780814528465271,-0.16700048744678497,-0.09824170917272568
2586,1,0,0.7919016480445862,-0.18501242995262146,-0.09568527340888977
2587,1,0,0.810958206653595,-0.1950831562280655,-0.09008476138114929
2588,1,0,0.8215480446815491,-0.20286576449871063,-0.06898406893014908
2589,1,0,0.83158940076828,-0.20674921572208405,-0.05640782415866852
2590,1,0,0.8298289179801941,-0.19521652162075043,-0.04960550367832184
2591,1,0,0.82200026512146,-0.19596204161643982,-0.051996130496263504
2592,1,0,0.8268035054206848,-0.20653323829174042,-0.05338498577475548
2593,1,0,0.8355268239974976,-0.21271482110023499,-0.052214331924915314
2594,1,0,0.853855550289154,-0.21770969033241272,-0.043636202812194824
2595,1,0,0.8781289458274841,-0.215469092130661,-0.0388861820101738
2596,1,0,0.8828437924385071,-0.19650700688362122,-0.040820349007844925
2597,1,0,0.8918413519859314,-0.1559366136789322,-0.05299166962504387
2598,1,0,0.8807498812675476,-0.12426964938640594,-0.06010599434375763
2599,1,0,0.8239195346832275,-0.10689669847488403,-0.06826874613761902
2603,1,0,0.5549561977386475,-0.1820862740278244,-0.0015288132708519697
2604,1,0,0.65749192237854,-0.23343825340270996,-0.000294320285320282
2605,1,0,0.7366818785667419,-0.2846866548061371,0.01936642825603485
2606,1,0,0.8492105007171631,-0.2689463496208191,0.01833997666835785
2607,1,0,0.8658143281936646,-0.2859629690647125,0.028994202613830566
2608,1,0,0.8626748323440552,-0.30533236265182495,0.023599078878760338
2609,1,0,0.863008975982666,-0.3192710876464844,0.016717590391635895
2610,1,0,0.8578118085861206,-0.3277711570262909,0.013592948205769062
2611,1,0,0.8519442677497864,-0.32613512873649597,0.008714641444385052
2612,1,0,0.8459381461143494,-0.3225241005420685,0.009520421735942364
2613,1,0,0.835359513759613,-0.33240941166877747,0.009261999279260635
2614,1,0,0.8460081815719604,-0.3443377912044525,0.01428417582064867
2615,1,0,0.8556836843490601,-0.343304306268692,0.01567351631820202
2616,1,0,0.8687375783920288,-0.33765682578086853,0.020755037665367126
2617,1,0,0.894670307636261,-0.3115471601486206,0.023821748793125153
2618,1,0,0.8951563239097595,-0.279803067445755,0.018528806045651436
2619,1,0,0.9079688191413879,-0.2351377010345459,0.016032960265874863
2620,1,0,0.9014213681221008,-0.22996491193771362,0.02262604795396328
2621,1,0,0.8799734115600586,-0.2334626019001007,0.015136524103581905
2622,1,0,0.8486024737358093,-0.2320416271686554,0.011278151534497738
2623,1,0,0.8223848342895508,-0.21662282943725586,0.009880482219159603
2624,1,0,0.8148603439331055,-0.1970912516117096,0.0035031591542065144
2625,1,0,0.8297991752624512,-0.1917276382446289,-0.011681263335049152
2626,1,0,0.8616828918457031,-0.19786269962787628,-0.018052583560347557
2627,1,0,0.910763144493103,-0.2210681289434433,-0.005964744836091995
2628,1,0,0.916954755783081,-0.2544355094432831,-0.0019254139624536037
2629,1,0,0.915229082107544,-0.2633152902126312,0.003406578442081809
2630,1,0,0.9157020449638367,-0.27773991227149963,0.005062313284724951
2631,1,0,0.920124888420105,-0.27924618124961853,0.00502255791798234
2632,1,0,0.9153245091438293,-0.28784629702568054,0.012215610593557358
2633,1,0,0.9078212976455688,-0.2800077497959137,0.015140702947974205
2634,1,0,0.9047639966011047,-0.2765814960002899,0.010846196673810482
2635,1,0,0.8968900442123413,-0.28039151430130005,0.010432491078972816
2636,1,0,0.8776278495788574,-0.2785731554031372,0.010906651616096497
2637,1,0,0.8482391238212585,-0.26938509941101074,0.00426497682929039
2638,1,0,0.8139195442199707,-0.2530684173107147,-0.008601885288953781
2639,1,0,0.7945094108581543,-0.24926240742206573,-0.01699223741889
2640,1,0,0.8048700094223022,-0.26471996307373047,-0.012521968223154545
2641,1,0,0.8646612763404846,-0.30581244826316833,0.016755137592554092
2642,1,0,0.8605064153671265,-0.3085998594760895,0.015886936336755753
2643,1,0,0.866576611995697,-0.3131033182144165,0.01978120766580105
2644,1,0,0.8741081953048706,-0.31679725646972656,0.020717881619930267
2645,1,0,0.8779222965240479,-0.3135102689266205,0.01777942106127739
2646,1,0,0.8888027667999268,-0.2868795096874237,0.009342547506093979
2647,1,0,0.877156674861908,-0.27035608887672424,0.010737125761806965
2648,1,0,0.8664729595184326,-0.25261765718460083,0.0016758650308474898
2649,1,0,0.8480960130691528,-0.23828531801700592,-0.027084873989224434
2650,1,0,0.7679809331893921,-0.4467162489891052,-0.017597267404198647
2651,1,0,0.807787299156189,-0.4577735364437103,-0.013550740666687489
2652,1,0,0.807938814163208,-0.4605214595794678,-0.010212729685008526
2653,1,0,0.8126680850982666,-0.46458181738853455,-0.011623678728938103
2654,1,0,0.8143491148948669,-0.45293405652046204,-0.010119651444256306
2655,1,0,0.8033890724182129,-0.4481426179409027,-0.0029315343126654625
2656,1,0,0.8136961460113525,-0.4052450954914093,-0.009919065050780773
2657,1,0,0.8340110182762146,-0.35392436385154724,-0.019919628277420998
2658,1,0,0.8714735507965088,-0.34722307324409485,-0.022477539256215096
2659,1,0,0.8739800453186035,-0.3395264148712158,-0.0232282355427742
2660,1,0,0.8910573720932007,-0.3264159560203552,-0.026514118537306786
2661,1,0,0.8954496383666992,-0.32274118065834045,-0.01893722265958786
2662,1,0,0.8934696912765503,-0.3182900846004486,-0.01191636361181736
2663,1,0,0.8950952887535095,-0.3264771103858948,-0.011765220202505589
2664,1,0,0.900206983089447,-0.3215647339820862,-0.010065454058349133
2665,1,0,0.9038534164428711,-0.3286586105823517,-0.009641244076192379
2666,1,0,0.9061002135276794,-0.33171945810317993,-0.011944448575377464
2667,1,0,0.916516900062561,-0.3227759301662445,-0.015105267986655235
2668,1,0,0.9166791439056396,-0.3230236768722534,-0.008792427368462086
2669,1,0,0.9165443778038025,-0.31963759660720825,-0.005107820499688387
2670,1,0,0.9185283780097961,-0.312016099691391,-0.005366266239434481
2671,1,0,0.9107710123062134,-0.31546905636787415,0.0009298768709413707
2672,1,0,0.9044004678726196,-0.31197452545166016,-0.003409722587093711
2673,1,0,0.9016510248184204,-0.29433760046958923,-0.008181888610124588
2674,1,0,0.900322675704956,-0.27342015504837036,-0.009767429903149605
2675,1,0,0.9099990129470825,-0.2657223045825958,-0.011711188592016697
2676,1,0,0.9101185202598572,-0.26771974563598633,-0.006906511262059212
2677,1,0,0.9068858623504639,-0.2653751075267792,-0.0014320006594061852
2678,1,0,0.9025570750236511,-0.25881195068359375,0.00220521935261786
2679,1,0,0.9061778783798218,-0.2578236758708954,-0.0010132562601938844
2680,1,0,0.9059646129608154,-0.2668739855289459,-0.006246128119528294
2681,1,0,0.91475909948349,-0.2679036557674408,-0.01071302592754364
2682,1,0,0.9231894016265869,-0.2625318467617035,-0.011202001012861729
2683,1,0,0.9167505502700806,-0.28215235471725464,0.001405595801770687
2684,1,0,0.9160993099212646,-0.2804582417011261,0.004661935847252607
2685,1,0,0.915596604347229,-0.2746984362602234,0.0051135048270225525
2686,1,0,0.9137902855873108,-0.274425745010376,0.009143045172095299
2687,1,0,0.9137042164802551,-0.2700536847114563,0.012856005690991879
2688,1,0,0.9166479706764221,-0.2728509306907654,0.01412179321050644
2689,1,0,0.9271513223648071,-0.2646564245223999,0.009342741221189499
2690,1,0,0.928335964679718,-0.25775548815727234,0.009269255213439465
2691,1,0,0.9215611815452576,-0.2677420973777771,0.014981228858232498
2692,1,0,0.9177111983299255,-0.24501575529575348,0.012568444944918156
2693,1,0,0.9115966558456421,-0.24639636278152466,0.009889325127005577
2694,1,0,0.8991510272026062,-0.25410962104797363,0.0045151254162192345
2695,1,0,0.8865630030632019,-0.24649858474731445,-0.004236598499119282
2696,1,0,0.8982632756233215,-0.25504592061042786,-0.014064159244298935
2697,1,0,0.9061200618743896,-0.26684796810150146,-0.013823946937918663
2698,1,0,0.8902124762535095,-0.2766379714012146,-0.006928310729563236
2699,1,0,0.8622439503669739,-0.29071858525276184,-0.03365258499979973
2700,1,0,0.8472005724906921,-0.21274983882904053,-0.041729796677827835
2701,1,0,0.8809869289398193,-0.21336761116981506,-0.03867097571492195
2702,1,0,0.8790332078933716,-0.24977713823318481,-0.024381881579756737
2703,1,0,0.843368411064148,-0.2735762596130371,-0.019067881628870964
2704,1,0,0.7773134708404541,-0.26700374484062195,-0.03103199042379856
2705,1,0,0.6974330544471741,-0.22816839814186096,-0.03575308620929718
2706,1,0,0.6452889442443848,-0.18703709542751312,-0.03194873034954071
2707,1,0,0.6465193629264832,-0.1910799741744995,-0.022800810635089874
2708,1,0,0.6945359706878662,-0.22003139555454254,-0.014535476453602314
2709,1,0,0.7515226602554321,-0.24370121955871582,-0.0023154201917350292
2710,1,0,0.8480764627456665,-0.2654463052749634,0.023111145943403244
2711,1,0,0.8703035116195679,-0.2795376479625702,0.03834153711795807
2712,1,0,0.8788133263587952,-0.2855193316936493,0.03959457948803902
2713,1,0,0.8830495476722717,-0.29271000623703003,0.030472824349999428
2714,1,0,0.8856481313705444,-0.30915015935897827,0.03698962926864624
2715,1,0,0.8922632932662964,-0.3128531873226166,0.03828936442732811
2716,1,0,0.8984518647193909,-0.3138352930545807,0.04494527727365494
2717,1,0,0.903292179107666,-0.30586737394332886,0.050393328070640564
2718,1,0,0.9062843918800354,-0.29726749658584595,0.0575295127928257
2719,1,0,0.9027725458145142,-0.29323455691337585,0.0630626454949379
2720,1,0,0.9031710624694824,-0.29276835918426514,0.06481581181287766
2721,1,0,0.9038084149360657,-0.2851724624633789,0.06488178670406342
2722,1,0,0.8977966904640198,-0.2759014368057251,0.06555692106485367
2723,1,0,0.8890448212623596,-0.2539864182472229,0.056633781641721725
2724,1,0,0.8876906037330627,-0.23023761808872223,0.04669271036982536
2725,1,0,0.9062715172767639,-0.1895674765110016,0.03968043625354767
2726,1,0,0.9078848958015442,-0.1913163810968399,0.041718482971191406
2727,1,0,0.9019253849983215,-0.18450739979743958,0.04348194599151611
2728,1,0,0.8981929421424866,-0.16810183227062225,0.04619883745908737
2729,1,0,0.9083511233329773,-0.17568014562129974,0.04671785607933998
2730,1,0,0.9064182043075562,-0.18927304446697235,0.048687614500522614
2731,1,0,0.9059129953384399,-0.1468593031167984,0.04023235663771629
2732,1,0,0.9062749147415161,-0.1207570731639862,0.035483989864587784
2733,1,0,0.9007710814476013,-0.15970313549041748,0.04683070629835129
2734,1,0,0.8944323658943176,-0.18620017170906067,0.053238168358802795
2735,1,0,0.8955007791519165,-0.20017854869365692,0.05329784005880356
2736,1,0,0.8964705467224121,-0.20205210149288177,0.05404625087976456
2737,1,0,0.8796626925468445,-0.20630823075771332,0.06265093386173248
2738,1,0,0.8656495213508606,-0.20803096890449524,0.060612183064222336
2739,1,0,0.8709460496902466,-0.2213878184556961,0.054266080260276794
2740,1,0,0.859033465385437,-0.22834953665733337,0.06499936431646347
2741,1,0,0.8561474084854126,-0.2166026085615158,0.07437852025032043
2742,1,0,0.8140838146209717,-0.20394454896450043,0.06105757877230644
2743,1,0,0.6572545170783997,-0.17186936736106873,0.020389055833220482
2786,1,0,0.45964768528938293,0.20557555556297302,-0.09578143060207367
2787,1,0,0.4608171582221985,0.21429891884326935,-0.1020486056804657
2790,1,0,0.4404106140136719,0.21486569941043854,-0.12252160161733627
2791,1,0,0.4454207718372345,0.20614317059516907,-0.14153601229190826
2792,1,0,0.4800516963005066,0.25556573271751404,-0.15826091170310974
2793,1,0,0.4984496831893921,0.286507248878479,-0.15800385177135468
2794,1,0,0.4585174322128296,0.25783243775367737,-0.14389069378376007
2795,1,0,0.4142169952392578,0.2863911986351013,-0.12350785732269287
2797,1,0,0.3893209397792816,0.309797465801239,-0.11118704080581665
2815,1,0,0.48762381076812744,-0.30034521222114563,0.021708885207772255
2816,1,0,0.5568450689315796,-0.3038029372692108,0.03047303296625614
2817,1,0,0.6882690787315369,-0.3128671646118164,0.048210084438323975
2818,1,0,0.8360532522201538,-0.2579728960990906,0.04010935500264168
2819,1,0,0.8190478682518005,-0.3469126522541046,0.04454330727458
2820,1,0,0.7900802493095398,-0.41408416628837585,0.04247085005044937
2821,1,0,0.7679306864738464,-0.4553917944431305,0.03626193106174469
2822,1,0,0.7491679191589355,-0.49926796555519104,0.03549245744943619
2823,1,0,0.740111231803894,-0.5040122270584106,0.03387916833162308
2824,1,0,0.7243244051933289,-0.46734070777893066,0.03906729072332382
2825,1,0,0.7056404948234558,-0.4157235324382782,0.03338780999183655
2826,1,0,0.6896427869796753,-0.38894185423851013,0.031596168875694275
2827,1,0,0.6886998414993286,-0.32807931303977966,0.021520934998989105
2828,1,0,0.683188796043396,-0.28333184123039246,0.016487840563058853
2829,1,0,0.6604062914848328,-0.21251460909843445,0.010273944586515427
2830,1,0,0.6405819058418274,-0.1243324801325798,-0.0008649153169244528
2831,1,0,0.640893816947937,-0.006838561501353979,-0.017688440158963203
2832,1,0,0.5941102504730225,0.012675565667450428,-0.017619313672184944
2833,1,0,0.5698481202125549,0.022460894659161568,-0.017463332042098045
2834,1,0,0.588658332824707,0.043318282812833786,-0.019579211249947548
2835,1,0,0.6061586141586304,0.07089418172836304,-0.023463895544409752
2836,1,0,0.5550315380096436,0.0006028524949215353,-0.0015533330151811242
2837,1,0,0.5418465733528137,-0.04014505818486214,0.003985458519309759
2838,1,0,0.5434046387672424,-0.0658060610294342,0.003996619023382664
2839,1,0,0.5727924108505249,-0.08602972328662872,0.005320655182003975
2840,1,0,0.5861988067626953,-0.1497572362422943,0.011887318454682827
2841,1,0,0.5783060789108276,-0.12859627604484558,0.024156875908374786
2842,1,0,0.5425843000411987,-0.1261962205171585,0.03484112396836281
2843,1,0,0.5132583379745483,-0.12678489089012146,0.036601897329092026
2850,1,0,0.5450769662857056,0.04840368777513504,-0.10682394355535507
2851,1,0,0.6745065450668335,0.07729117572307587,-0.11017734557390213
2852,1,0,0.7853956818580627,0.037274353206157684,-0.142953023314476
2853,1,0,0.7654829621315002,-0.02241727150976658,-0.15363967418670654
2854,1,0,0.7538349628448486,-0.05843454599380493,-0.13536931574344635
2855,1,0,0.7581301927566528,-0.08588127791881561,-0.12324509769678116
2856,1,0,0.7601480484008789,-0.10372722893953323,-0.11739806085824966
2857,1,0,0.7739952802658081,-0.1192934662103653,-0.12274305522441864
2858,1,0,0.7695624232292175,-0.1453113853931427,-0.12477846443653107
2859,1,0,0.7725908756256104,-0.14359433948993683,-0.1284390687942505
2860,1,0,0.8074773550033569,-0.10085391253232956,-0.15300136804580688
2861,1,0,0.8129764199256897,-0.1029786765575409,-0.1557883322238922
2862,1,0,0.829405665397644,-0.08308017253875732,-0.16652418673038483
2863,1,0,0.8203092813491821,-0.07721150666475296,-0.16320979595184326
2864,1,0,0.81967693567276,-0.0822170078754425,-0.16272634267807007
2865,1,0,0.8160123825073242,-0.08978737890720367,-0.15883894264698029
2866,1,0,0.8080441951751709,-0.09523272514343262,-0.15584814548492432
2867,1,0,0.8180192708969116,-0.08560183644294739,-0.16581451892852783
2868,1,0,0.8165459632873535,-0.08305248618125916,-0.16305403411388397
2869,1,0,0.8121035099029541,-0.08649992197751999,-0.15567106008529663
2870,1,0,0.8110262155532837,-0.09222263097763062,-0.14553257822990417
2871,1,0,0.8256951570510864,-0.09925754368305206,-0.14420287311077118
2872,1,0,0.8374807834625244,-0.12571080029010773,-0.14982225000858307
2873,1,0,0.8468284606933594,-0.1363050937652588,-0.1569257229566574
2874,1,0,0.8490248918533325,-0.14451518654823303,-0.16146370768547058
2875,1,0,0.8409962058067322,-0.15585176646709442,-0.15717363357543945
2876,1,0,0.8293481469154358,-0.18100886046886444,-0.14636491239070892
2877,1,0,0.8309431672096252,-0.18238139152526855,-0.14003735780715942
2878,1,0,0.8495815992355347,-0.18133078515529633,-0.14624308049678802
2879,1,0,0.8365716934204102,-0.19321000576019287,-0.14837944507598877
2880,1,0,0.818089485168457,-0.18030820786952972,-0.1489259898662567
2881,1,0,0.8107923269271851,-0.16178666055202484,-0.14788436889648438
2882,1,0,0.8300068974494934,-0.1490577608346939,-0.14660558104515076
2883,1,0,0.8612774610519409,-0.14338544011116028,-0.14659914374351501
2884,1,0,0.859394907951355,-0.14742492139339447,-0.14222708344459534
2885,1,0,0.8552646636962891,-0.1364341527223587,-0.13852760195732117
2886,1,0,0.8644633293151855,-0.13503040373325348,-0.14584431052207947
2887,1,0,0.8742009401321411,-0.12627337872982025,-0.1471831053495407
2888,1,0,0.8822035193443298,-0.12148794531822205,-0.14036723971366882
2889,1,0,0.8943426012992859,-0.1369927078485489,-0.13294611871242523
2890,1,0,0.8956654667854309,-0.14408104121685028,-0.1234988272190094
2891,1,0,0.8847496509552002,-0.13652347028255463,-0.11618252098560333
2892,1,0,0.8853304386138916,-0.14445818960666656,-0.11094729602336884
2893,1,0,0.8937920331954956,-0.15582865476608276,-0.10594435036182404
2894,1,0,0.8851786255836487,-0.14476671814918518,-0.10521291941404343
2895,1,0,0.8825727701187134,-0.14984391629695892,-0.11389225721359253
2896,1,0,0.8947576284408569,-0.1566884070634842,-0.12409453094005585
2897,1,0,0.8915418386459351,-0.14641276001930237,-0.12368223071098328
2898,1,0,0.8839991092681885,-0.1302819699048996,-0.120508573949337
2899,1,0,0.8555129170417786,-0.0962488204240799,-0.13090461492538452
2900,1,0,0.771216869354248,-0.48013415932655334,-0.005018691532313824
2901,1,0,0.8631225228309631,-0.45324400067329407,-0.010987100191414356
2902,1,0,0.8765510320663452,-0.4416058659553528,-0.009877941571176052
2903,1,0,0.8820517063140869,-0.42668259143829346,-0.008595568127930164
2904,1,0,0.8946077227592468,-0.40867409110069275,-0.0129063930362463
2905,1,0,0.8882209062576294,-0.414912611246109,-0.0036813823971897364
2906,1,0,0.8822974562644958,-0.4218484163284302,0.002649785252287984
2907,1,0,0.8804898858070374,-0.4255731403827667,0.006529849488288164
2908,1,0,0.8905390501022339,-0.4209136366844177,-0.001191153540275991
2909,1,0,0.8814824819564819,-0.4307520091533661,0.0048814923502504826
2910,1,0,0.8771126866340637,-0.4316946566104889,0.0011258493177592754
2911,1,0,0.874647855758667,-0.4263055622577667,-0.0081930635496974
2912,1,0,0.8225849866867065,-0.443378746509552,-0.009213365614414215
2913,1,0,0.7805247902870178,-0.43095025420188904,-0.0309708584100008
2914,1,0,0.7108861207962036,-0.38804471492767334,-0.04885111376643181
2915,1,0,0.6157561540603638,-0.2995854616165161,-0.04696347564458847
2916,1,0,0.561233401298523,-0.21215380728244781,-0.041783884167671204
2917,1,0,0.5696203112602234,-0.16296447813510895,-0.04840535297989845
2918,1,0,0.6402484178543091,-0.15112638473510742,-0.059445153921842575
2919,1,0,0.7194806337356567,-0.16131903231143951,-0.05661850795149803
2920,1,0,0.8448405861854553,-0.2260642647743225,-0.03697500377893448
2921,1,0,0.8505927920341492,-0.24337239563465118,-0.03415922075510025
2922,1,0,0.8605908155441284,-0.2423698604106903,-0.025602255016565323
2923,1,0,0.8661141395568848,-0.2501499652862549,-0.02733452059328556
2924,1,0,0.8746094107627869,-0.24646684527397156,-0.029438823461532593
2925,1,0,0.8881287574768066,-0.23419858515262604,-0.0248098261654377
2926,1,0,0.8978021144866943,-0.2169540524482727,-0.020799731835722923
2927,1,0,0.8960087299346924,-0.19776606559753418,-0.025117872282862663
2928,1,0,0.9042858481407166,-0.17926444113254547,-0.026190344244241714
2929,1,0,0.910089373588562,-0.17148038744926453,-0.02025875821709633
2930,1,0,0.908431887626648,-0.18367205560207367,-0.007033336441963911
2931,1,0,0.9048488736152649,-0.1819208264350891,-0.001690825680270791
2932,1,0,0.898245096206665,-0.1910705268383026,0.003697773441672325
2933,1,0,0.8983674645423889,-0.19484861195087433,0.00530300522223115
2934,1,0,0.9044085741043091,-0.20330698788166046,0.004659172147512436
2935,1,0,0.9045723676681519,-0.19474732875823975,0.004521808587014675
2936,1,0,0.9085357189178467,-0.17279624938964844,0.0012158671161159873
2937,1,0,0.9186992645263672,-0.1453935205936432,-0.009666060097515583
2938,1,0,0.9113773703575134,-0.16052569448947906,-0.001707954565063119
2939,1,0,0.900307297706604,-0.15625374019145966,0.00303473137319088
2940,1,0,0.8856070637702942,-0.17149734497070312,0.0013294062810018659
2941,1,0,0.8694937825202942,-0.16795788705348969,-0.004893524572253227
2942,1,0,0.8536542057991028,-0.14425550401210785,-0.017376715317368507
2943,1,0,0.8551318049430847,-0.13671135902404785,-0.02784799598157406
2944,1,0,0.9017121195793152,-0.1371142566204071,-0.013687113299965858
2945,1,0,0.8979108333587646,-0.16373129189014435,-0.013898386619985104
2946,1,0,0.8884665966033936,-0.19009613990783691,-0.017849426716566086
2947,1,0,0.8864946365356445,-0.21705211699008942,-0.02117571234703064
2948,1,0,0.8884509205818176,-0.2562486231327057,-0.027185646817088127
2949,1,0,0.8633757829666138,-0.31325265765190125,-0.051166195422410965
2950,1,0,0.4797689616680145,-0.3066995143890381,-0.06386201828718185
2951,1,0,0.49616995453834534,-0.23183991014957428,-0.05939603969454765
2952,1,0,0.5227121114730835,-0.171758234500885,-0.05730126053094864
2953,1,0,0.5709242820739746,-0.1423429548740387,-0.06283294409513474
2954,1,0,0.6275571584701538,-0.1479044407606125,-0.06952109187841415
2955,1,0,0.7207668423652649,-0.17809829115867615,-0.07331234961748123
2956,1,0,0.7605892419815063,-0.22173094749450684,-0.06260722130537033
2957,1,0,0.7311950325965881,-0.2139178365468979,-0.06975529342889786
2958,1,0,0.7221336364746094,-0.2052529752254486,-0.08214148879051208
2959,1,0,0.7358745336532593,-0.2156691998243332,-0.09989143908023834
2960,1,0,0.7542991042137146,-0.2385801523923874,-0.11039979755878448
2961,1,0,0.7616644501686096,-0.2529717981815338,-0.10990389436483383
2962,1,0,0.7815381288528442,-0.2542572617530823,-0.10362491756677628
2963,1,0,0.8126621246337891,-0.24833695590496063,-0.08938359469175339
2964,1,0,0.8627444505691528,-0.22226618230342865,-0.06398773193359375
2965,1,0,0.8940011858940125,-0.21275804936885834,-0.04280931502580643
2966,1,0,0.8951987028121948,-0.21992847323417664,-0.04242923855781555
2967,1,0,0.8988139033317566,-0.22393806278705597,-0.044719140976667404
2968,1,0,0.9149630665779114,-0.2160142958164215,-0.05168034881353378
2969,1,0,0.9139580130577087,-0.19889020919799805,-0.045952316373586655
2970,1,0,0.9057264924049377,-0.1930837631225586,-0.038601819425821304
2971,1,0,0.8898990154266357,-0.18409164249897003,-0.04031482711434364
2972,1,0,0.8708317279815674,-0.1690901815891266,-0.04895036667585373
2973,1,0,0.8576993346214294,-0.15145117044448853,-0.05641341954469681
2974,1,0,0.8918338418006897,-0.1572091430425644,-0.0679425373673439
2975,1,0,0.8956432938575745,-0.14152546226978302,-0.07617966830730438
2976,1,0,0.896877110004425,-0.1528511792421341,-0.0706770271062851
2977,1,0,0.8938593864440918,-0.15613611042499542,-0.06393883377313614
2978,1,0,0.8844188451766968,-0.15616557002067566,-0.05919131264090538
2979,1,0,0.8732098937034607,-0.1766960322856903,-0.05518951639533043
2980,1,0,0.8620232939720154,-0.18657226860523224,-0.05260211601853371
2981,1,0,0.8603285551071167,-0.18239499628543854,-0.04644566401839256
2982,1,0,0.8780809044837952,-0.19136585295200348,-0.030953116714954376
2983,1,0,0.8987217545509338,-0.19251804053783417,-0.022769441828131676
2984,1,0,0.9022209644317627,-0.19369915127754211,-0.014016395434737206
2985,1,0,0.8986939191818237,-0.1934477984905243,-0.008215690031647682
2986,1,0,0.9012618064880371,-0.2101721167564392,-0.004042238462716341
2987,1,0,0.9077727794647217,-0.20273801684379578,-0.0029865638352930546
2988,1,0,0.9028559923171997,-0.18890465795993805,-0.001853560796007514
2989,1,0,0.8954832553863525,-0.1667242795228958,-0.011720284819602966
2990,1,0,0.885663628578186,-0.14452102780342102,-0.02150203287601471
2991,1,0,0.8862802386283875,-0.13765422999858856,-0.030133942142128944
2992,1,0,0.8754485249519348,-0.12221396714448929,-0.02592044696211815
2993,1,0,0.8517258167266846,-0.1017967239022255,-0.021392760798335075
2994,1,0,0.8228475451469421,-0.08533524721860886,-0.0229459498077631
2995,1,0,0.8120237588882446,-0.08440336585044861,-0.014509784989058971
2996,1,0,0.8332619071006775,-0.09328223019838333,-0.009377711452543736
2997,1,0,0.8293317556381226,-0.0876043438911438,-0.01489325799047947
2998,1,0,0.8360826969146729,-0.06709522008895874,-0.029802074655890465
2999,1,0,0.8365038633346558,-0.03793693333864212,-0.05991959199309349
3000,1,0,0.7692333459854126,-0.37564072012901306,0.006633080076426268
3001,1,0,0.8607003688812256,-0.3501335084438324,-0.0016909523401409388
3002,1,0,0.8815443515777588,-0.3554728925228119,0.0011893579503521323
3003,1,0,0.8868484497070312,-0.3715645372867584,0.007680861279368401
3004,1,0,0.8892148733139038,-0.37493282556533813,0.011866869404911995
3005,1,0,0.8854748010635376,-0.37171727418899536,0.018452880904078484
3006,1,0,0.8896140456199646,-0.35991522669792175,0.014306440949440002
3007,1,0,0.8888714909553528,-0.3472374379634857,0.01145078893750906
3008,1,0,0.8861252069473267,-0.3538579046726227,0.016167469322681427
3009,1,0,0.8901484608650208,-0.3413975238800049,0.013301661238074303
3010,1,0,0.892878532409668,-0.3253469169139862,0.01032312773168087
3011,1,0,0.8984284400939941,-0.2841896116733551,0.0014374916208907962
3012,1,0,0.8905138969421387,-0.25409135222435,-0.0019230744801461697
3013,1,0,0.8760762810707092,-0.1934950202703476,-0.013918834738433361
3014,1,0,0.8663407564163208,-0.1594061255455017,-0.027822677046060562
3015,1,0,0.8687851428985596,-0.10080013424158096,-0.048290688544511795
3016,1,0,0.8825634121894836,-0.04966002702713013,-0.0829775333404541
3017,1,0,0.8860899209976196,-0.06889393925666809,-0.08765910565853119
3018,1,0,0.882789671421051,-0.0756608098745346,-0.08170711994171143
3019,1,0,0.8844667673110962,-0.1149001270532608,-0.08102686703205109
3020,1,0,0.8739906549453735,-0.1340283751487732,-0.08017522096633911
3021,1,0,0.8543879985809326,-0.14784251153469086,-0.06565318256616592
3022,1,0,0.8270708918571472,-0.15181323885917664,-0.06705261021852493
3023,1,0,0.7892147898674011,-0.13492056727409363,-0.0714525356888771
3024,1,0,0.7432470321655273,-0.11504460126161575,-0.07164891064167023
3025,1,0,0.7037104368209839,-0.10911671072244644,-0.0687892735004425
3026,1,0,0.6950638890266418,-0.12532101571559906,-0.06900060176849365
3027,1,0,0.7073097229003906,-0.1644396185874939,-0.0658409371972084
3028,1,0,0.7462657690048218,-0.20134949684143066,-0.051718711853027344
3029,1,0,0.8061870336532593,-0.22816886007785797,-0.03978220000863075
3030,1,0,0.8303641080856323,-0.23617307841777802,-0.02699572965502739
3031,1,0,0.8664929270744324,-0.24771907925605774,-0.008007697761058807
3032,1,0,0.8828293681144714,-0.2512413263320923,0.0009394508670084178
3033,1,0,0.8838443756103516,-0.257560670375824,0.005757595878094435
3034,1,0,0.8887291550636292,-0.2586570084095001,0.009941570460796356
3035,1,0,0.8993082642555237,-0.25327739119529724,0.008348353207111359
3036,1,0,0.897791862487793,-0.2418193370103836,0.011390789411962032
3037,1,0,0.9009509086608887,-0.22844363749027252,0.007501193322241306
3038,1,0,0.9013123512268066,-0.22105242311954498,0.00721484562382102
3039,1,0,0.899593710899353,-0.20663492381572723,0.005410350393503904
3040,1,0,0.9079871773719788,-0.1864069402217865,-0.006237649358808994
3041,1,0,0.9137394428253174,-0.17353348433971405,-0.011440999805927277
3042,1,0,0.9107263684272766,-0.19525370001792908,-0.003799360478296876
3043,1,0,0.9081153869628906,-0.19987605512142181,-0.00012161582708358765
3044,1,0,0.9033797979354858,-0.19351691007614136,0.000522822083439678
3045,1,0,0.907440185546875,-0.1859925538301468,-0.0065897791646420956
3046,1,0,0.9157010912895203,-0.13169033825397491,-0.018462758511304855
3047,1,0,0.90179842710495,-0.16690343618392944,-0.00691215880215168
3048,1,0,0.895033061504364,-0.16481375694274902,-0.012806400656700134
3049,1,0,0.8660068511962891,-0.169945627450943,-0.03834715485572815
3050,1,0,0.6779680848121643,-0.359039843082428,-0.010822402313351631
3051,1,0,0.7828164100646973,-0.3937925398349762,-0.0004090293950866908
3052,1,0,0.8637712597846985,-0.411408007144928,0.0051803868263959885
3053,1,0,0.8736720085144043,-0.4165779948234558,0.014437410049140453
3054,1,0,0.8678842782974243,-0.41615498065948486,0.02825320139527321
3055,1,0,0.8628232479095459,-0.4184828996658325,0.03413480147719383
3056,1,0,0.8568177223205566,-0.41879668831825256,0.03611334040760994
3057,1,0,0.851455807685852,-0.4185347557067871,0.03690377250313759
3058,1,0,0.8388887047767639,-0.42346715927124023,0.037021078169345856
3059,1,0,0.8318995833396912,-0.4216863214969635,0.030954794958233833
3060,1,0,0.846421480178833,-0.4200019836425781,0.0256048571318388
3061,1,0,0.8715239763259888,-0.44705602526664734,0.023670148104429245
3062,1,0,0.8688278794288635,-0.47233644127845764,0.03084460273385048
3063,1,0,0.8706885576248169,-0.47398754954338074,0.03795616701245308
3064,1,0,0.8802171945571899,-0.458438903093338,0.03512423485517502
3065,1,0,0.8999176025390625,-0.4207524359226227,0.023107541725039482
3066,1,0,0.8983867168426514,-0.41709089279174805,0.027325203642249107
3067,1,0,0.8866458535194397,-0.45570775866508484,0.04014070704579353
3068,1,0,0.8832941055297852,-0.4721710979938507,0.04133697971701622
3069,1,0,0.868851363658905,-0.49925076961517334,0.050736263394355774
3070,1,0,0.8593629598617554,-0.4939758777618408,0.05767889320850372
3071,1,0,0.8568183183670044,-0.49205249547958374,0.0529945082962513
3072,1,0,0.8570537567138672,-0.4737621247768402,0.04460335895419121
3073,1,0,0.8107277154922485,-0.47689786553382874,0.047680020332336426
3074,1,0,0.7304313778877258,-0.4519332945346832,0.03207602724432945
3075,1,0,0.6443310976028442,-0.39794912934303284,0.014040925540030003
3076,1,0,0.5783647298812866,-0.34156522154808044,0.006450183689594269
3077,1,0,0.5354548692703247,-0.3079858720302582,0.007916150614619255
3078,1,0,0.5156861543655396,-0.2997511327266693,0.013351891189813614
3079,1,0,0.5026981234550476,-0.3211030960083008,0.026773065328598022
3080,1,0,0.47376176714897156,-0.39271220564842224,0.04808960482478142
3081,1,0,0.4902321398258209,-0.4012603163719177,0.0589727982878685
3082,1,0,0.5327392220497131,-0.42938902974128723,0.05743955820798874
3083,1,0,0.5299323201179504,-0.4172811806201935,0.05123617500066757
3084,1,0,0.5213671326637268,-0.42185378074645996,0.03568471595644951
3085,1,0,0.5200052857398987,-0.4404221773147583,0.024646691977977753
3086,1,0,0.5479535460472107,-0.47750183939933777,0.03433419018983841
3087,1,0,0.6847736835479736,-0.5396018028259277,0.037734515964984894
3088,1,0,0.6448523998260498,-0.5759224891662598,0.041994720697402954
3089,1,0,0.6205511093139648,-0.5326398611068726,0.04572296142578125
3090,1,0,0.6031396389007568,-0.5140953660011292,0.038355495780706406
3091,1,0,0.6028366088867188,-0.47529080510139465,0.025990048423409462
3092,1,0,0.5342511534690857,-0.43878787755966187,0.01644941233098507
3093,1,0,0.4487016499042511,-0.38982537388801575,0.0013132907915860415
3094,1,0,0.3727390766143799,-0.3531367778778076,-0.004742676392197609
3136,1,0,0.5011237263679504,0.13627387583255768,-0.005508538335561752
3137,1,0,0.5373002886772156,0.15553808212280273,-0.00880235806107521
3138,1,0,0.5322485566139221,0.15094320476055145,-0.012718111276626587
3139,1,0,0.5350745320320129,0.14460909366607666,-0.019249117001891136
3140,1,0,0.49454933404922485,0.12642605602741241,-0.01916421204805374
3150,1,0,0.5133048295974731,-0.04467690363526344,-0.04417050629854202
3151,1,0,0.6084856390953064,-0.01856246031820774,-0.0932852178812027
3152,1,0,0.6332463026046753,-0.011993514373898506,-0.09821697324514389
3153,1,0,0.6359602212905884,-0.029238203540444374,-0.09240560233592987
3154,1,0,0.626056432723999,-0.0798753947019577,-0.10443242639303207
3155,1,0,0.624834418296814,-0.0765974298119545,-0.09617000073194504
3156,1,0,0.6343023180961609,-0.048466917127370834,-0.09827572107315063
3157,1,0,0.6590683460235596,-0.024728043004870415,-0.10671626776456833
3158,1,0,0.6798417568206787,-0.012607692740857601,-0.11880239099264145
3159,1,0,0.6954800486564636,0.013467451557517052,-0.12754939496517181
3160,1,0,0.706985354423523,0.045521315187215805,-0.13354483246803284
3161,1,0,0.6990197896957397,0.040610793977975845,-0.13011090457439423
3162,1,0,0.7173925638198853,0.01549412403255701,-0.13498035073280334
3163,1,0,0.7590955495834351,-0.03129963204264641,-0.14029152691364288
3164,1,0,0.810832142829895,-0.06798090785741806,-0.14775344729423523
3165,1,0,0.866364061832428,-0.048622287809848785,-0.16336750984191895
3166,1,0,0.8819301128387451,-0.048253413289785385,-0.16107386350631714
3167,1,0,0.8873385787010193,-0.04694564640522003,-0.15712620317935944
3168,1,0,0.8911584615707397,-0.04230567067861557,-0.15444456040859222
3169,1,0,0.8947732448577881,-0.04172917827963829,-0.15810009837150574
3170,1,0,0.8912978768348694,-0.045353926718235016,-0.1584901362657547
3171,1,0,0.8860654830932617,-0.05931892991065979,-0.15637387335300446
3172,1,0,0.8863964080810547,-0.07005982846021652,-0.15500077605247498
3173,1,0,0.889053225517273,-0.07960101962089539,-0.15441282093524933
3174,1,0,0.8917754888534546,-0.0621209591627121,-0.15761354565620422
3175,1,0,0.8960354924201965,-0.03754328563809395,-0.1653376668691635
3176,1,0,0.8822019100189209,-0.011260473169386387,-0.17246322333812714
3177,1,0,0.8670400977134705,-0.012131822295486927,-0.1717049777507782
3178,1,0,0.8462727069854736,-0.004214067943394184,-0.15920962393283844
3179,1,0,0.8204083442687988,0.0020425403490662575,-0.15477706491947174
3180,1,0,0.788779616355896,-0.005385205149650574,-0.1496058702468872
3181,1,0,0.7703156471252441,-0.021711111068725586,-0.14651907980442047
3182,1,0,0.760394275188446,-0.02750067040324211,-0.14228041470050812
3183,1,0,0.7617766857147217,-0.041640471667051315,-0.1457008272409439
3184,1,0,0.760698139667511,-0.050655297935009,-0.14487074315547943
3185,1,0,0.7425887584686279,-0.056237317621707916,-0.13615302741527557
3186,1,0,0.7518061995506287,-0.05941122770309448,-0.13201671838760376
3187,1,0,0.7662261724472046,-0.04972656071186066,-0.12432755529880524
3188,1,0,0.7841349244117737,-0.0633072555065155,-0.11525654792785645
3189,1,0,0.8075710535049438,-0.06101031228899956,-0.11202652007341385
3190,1,0,0.8104462027549744,-0.05653468891978264,-0.1075383648276329
3191,1,0,0.8098651766777039,-0.062040723860263824,-0.10279351472854614
3192,1,0,0.8115037679672241,-0.06558437645435333,-0.09421926736831665
3193,1,0,0.8462607264518738,-0.1010100394487381,-0.09683934599161148
3194,1,0,0.8537858724594116,-0.1077825278043747,-0.10509322583675385
3195,1,0,0.792690634727478,-0.08795328438282013,-0.11317592114210129
3196,1,0,0.6960972547531128,-0.047447387129068375,-0.10957546532154083
3197,1,0,0.5960890650749207,-0.023771977052092552,-0.0903463289141655
3198,1,0,0.5023777484893799,-0.010757876560091972,-0.06753528863191605
3201,1,0,0.5600085854530334,-0.06608065217733383,-0.07491402328014374
3202,1,0,0.6613779067993164,-0.08460483700037003,-0.06628349423408508
3203,1,0,0.7991836071014404,-0.1178826317191124,-0.0942019373178482
3204,1,0,0.7966150045394897,-0.1449800431728363,-0.11533181369304657
3205,1,0,0.7979212999343872,-0.11597465723752975,-0.11434045433998108
3206,1,0,0.788872480392456,-0.1110423132777214,-0.12226562201976776
3207,1,0,0.805411159992218,-0.0879514142870903,-0.12512244284152985
3208,1,0,0.8042872548103333,-0.107325479388237,-0.12824873626232147
3209,1,0,0.793142557144165,-0.12757796049118042,-0.12839825451374054
3210,1,0,0.7853392958641052,-0.1368618607521057,-0.12747974693775177
3211,1,0,0.7847393155097961,-0.13139627873897552,-0.12323267757892609
3212,1,0,0.8062647581100464,-0.13010242581367493,-0.12866753339767456
3213,1,0,0.835222065448761,-0.12558503448963165,-0.14133109152317047
3214,1,0,0.8378791809082031,-0.11009190231561661,-0.1390988975763321
3215,1,0,0.831717848777771,-0.11874671280384064,-0.1359788179397583
3216,1,0,0.8469988107681274,-0.10447604954242706,-0.14028453826904297
3217,1,0,0.8835676312446594,-0.08808378875255585,-0.14651645720005035
3218,1,0,0.8925104141235352,-0.06765652447938919,-0.14901915192604065
3219,1,0,0.8876171708106995,-0.04064628854393959,-0.15515266358852386
3220,1,0,0.8815850615501404,-0.019582949578762054,-0.15406876802444458
3221,1,0,0.8826084733009338,-0.0022286660969257355,-0.16071805357933044
3222,1,0,0.8830334544181824,-0.008612207137048244,-0.15805602073669434
3223,1,0,0.8767128586769104,-0.027308166027069092,-0.13295525312423706
3224,1,0,0.8602284789085388,-0.034456659108400345,-0.11221586167812347
3225,1,0,0.8561119437217712,-0.034654371440410614,-0.10270211845636368
3226,1,0,0.8701639771461487,-0.06396829336881638,-0.11097977310419083
3227,1,0,0.8666881322860718,-0.08013888448476791,-0.11254875361919403
3228,1,0,0.8837182521820068,-0.1066051498055458,-0.1252882182598114
3229,1,0,0.8872666358947754,-0.11364591121673584,-0.12806697189807892
3230,1,0,0.8943786025047302,-0.128097802400589,-0.12291980534791946
3231,1,0,0.9070663452148438,-0.15040045976638794,-0.12153638899326324
3232,1,0,0.9037727117538452,-0.16660362482070923,-0.11338981986045837
3233,1,0,0.9019286036491394,-0.16358304023742676,-0.10790742188692093
3234,1,0,0.9152885675430298,-0.16189174354076385,-0.1055658683180809
3235,1,0,0.9148399233818054,-0.13415810465812683,-0.10635855793952942
3236,1,0,0.9104493260383606,-0.10413780063390732,-0.10363384336233139
3237,1,0,0.9010869860649109,-0.08201460540294647,-0.09456316381692886
3238,1,0,0.9031386375427246,-0.09058336913585663,-0.10098087787628174
3239,1,0,0.8977209329605103,-0.07903560250997543,-0.10387731343507767
3240,1,0,0.8650473356246948,-0.04394989833235741,-0.1070709228515625
3241,1,0,0.8316594958305359,0.020952288061380386,-0.11322929710149765
3242,1,0,0.8052777647972107,0.060832299292087555,-0.11835827678442001
3243,1,0,0.8107986450195312,0.0701875314116478,-0.11637429147958755
3244,1,0,0.8554667234420776,0.047310687601566315,-0.0989404246211052
3245,1,0,0.8678429126739502,0.04500890523195267,-0.10460374504327774
3246,1,0,0.8787891268730164,0.0584225095808506,-0.11607006192207336
3247,1,0,0.8697672486305237,0.04663890227675438,-0.10997940599918365
3248,1,0,0.8564931154251099,0.03222472965717316,-0.10567517578601837
3249,1,0,0.8273525238037109,0.03444041311740875,-0.11839840561151505
3250,1,0,0.7258780002593994,-0.10104872286319733,-0.07795100659132004
3251,1,0,0.8204469680786133,-0.09985721111297607,-0.10697618871927261
3252,1,0,0.8694873452186584,-0.08859013766050339,-0.13301753997802734
3253,1,0,0.8774005174636841,-0.056828323751688004,-0.15504272282123566
3254,1,0,0.8741714358329773,-0.07816742360591888,-0.14500319957733154
3255,1,0,0.8780587911605835,-0.10333311557769775,-0.13964428007602692
3256,1,0,0.881817638874054,-0.11228995025157928,-0.13373367488384247
3257,1,0,0.8817548155784607,-0.1270235925912857,-0.12518800795078278
3258,1,0,0.8773457407951355,-0.13909266889095306,-0.12241009622812271
3259,1,0,0.8813796639442444,-0.152074933052063,-0.12922607362270355
3260,1,0,0.8875237703323364,-0.12496975064277649,-0.14629553258419037
3261,1,0,0.882637619972229,-0.12791626155376434,-0.13885094225406647
3262,1,0,0.8816320896148682,-0.14660075306892395,-0.12948773801326752
3263,1,0,0.8843082785606384,-0.16226620972156525,-0.12514115869998932
3264,1,0,0.902836799621582,-0.1655331701040268,-0.12418283522129059
3265,1,0,0.9015870690345764,-0.15168292820453644,-0.12223774939775467
3266,1,0,0.8981450796127319,-0.1472889631986618,-0.12321107089519501
3267,1,0,0.8874408006668091,-0.1328148990869522,-0.1183391660451889
3268,1,0,0.8707065582275391,-0.08780651539564133,-0.12185756117105484
3269,1,0,0.865975558757782,-0.07527878135442734,-0.12638232111930847
3270,1,0,0.8787393569946289,-0.06008083000779152,-0.12122414261102676
3271,1,0,0.8872504830360413,-0.034294288605451584,-0.11920268088579178
3272,1,0,0.8847864866256714,-0.033766236156225204,-0.1102810725569725
3273,1,0,0.8925269246101379,-0.04586513340473175,-0.10032977163791656
3274,1,0,0.8959416747093201,-0.05859079957008362,-0.09232816845178604
3275,1,0,0.8662638664245605,-0.056288376450538635,-0.07143836468458176
3276,1,0,0.8409148454666138,-0.0543983094394207,-0.06963023543357849
3277,1,0,0.8203955292701721,-0.05167730152606964,-0.07033615559339523
3278,1,0,0.7956923842430115,-0.04050556570291519,-0.07140710949897766
3279,1,0,0.7537761926651001,-0.03885526955127716,-0.07535407692193985
3280,1,0,0.7091192007064819,-0.05487757921218872,-0.08019381016492844
3281,1,0,0.7036769390106201,-0.041944943368434906,-0.07102669775485992
3282,1,0,0.7283262610435486,0.024486146867275238,-0.06894466280937195
3283,1,0,0.6989348530769348,-0.00906272791326046,-0.06341429054737091
3284,1,0,0.6735916137695312,-0.03828510642051697,-0.056051574647426605
3285,1,0,0.6715048551559448,-0.0682334452867508,-0.05463667958974838
3286,1,0,0.6387577056884766,-0.0978800356388092,-0.042807094752788544
3287,1,0,0.6389185190200806,-0.0868762731552124,-0.03617934137582779
3288,1,0,0.6408590078353882,-0.08005300164222717,-0.0417037159204483
3289,1,0,0.5969008207321167,-0.015490771271288395,-0.04245837405323982
3290,1,0,0.5606312155723572,0.06422791630029678,-0.05516130477190018
3291,1,0,0.5880517363548279,0.1653830111026764,-0.07518962025642395
3292,1,0,0.525763988494873,0.167874276638031,-0.06662838160991669
3293,1,0,0.5007196068763733,0.19239865243434906,-0.06926043331623077
3294,1,0,0.47606053948402405,0.18562287092208862,-0.07171507179737091
3296,1,0,0.44458022713661194,0.25213879346847534,-0.06177975982427597
3297,1,0,0.4457589387893677,0.2751971483230591,-0.07208879292011261
3298,1,0,0.4217786490917206,0.269563764333725,-0.07465571165084839
3332,0,0,0.45870083570480347,0.31050410866737366,-0.1679752767086029
3333,0,0,0.544763445854187,0.3294621706008911,-0.2022925764322281
3334,0,0,0.5690186023712158,0.30714601278305054,-0.20797663927078247
3335,0,0,0.5742548704147339,0.28933021426200867,-0.20107582211494446
3336,0,0,0.5678309202194214,0.25031447410583496,-0.1969069540500641
3337,0,0,0.5726832151412964,0.24282744526863098,-0.18963585793972015
3338,0,0,0.5722472667694092,0.23291932046413422,-0.1743055135011673
3339,0,0,0.5593612194061279,0.2187822312116623,-0.16210335493087769
3340,0,0,0.5329515337944031,0.23565872013568878,-0.15112338960170746
3341,0,0,0.5237067937850952,0.1949516236782074,-0.15155194699764252
3342,0,0,0.508040189743042,0.1857541799545288,-0.1528850495815277
3343,0,0,0.4905569553375244,0.1728421002626419,-0.1570209115743637
3344,0,0,0.4737403094768524,0.1497035026550293,-0.1566283404827118
3350,1,0,0.7921763062477112,-0.03637399524450302,-0.10455043613910675
3351,1,0,0.8253836631774902,-0.055887117981910706,-0.11023866385221481
3352,1,0,0.8436258435249329,-0.0914551168680191,-0.10631609708070755
3353,1,0,0.8570737242698669,-0.09638319164514542,-0.10742215812206268
3354,1,0,0.8937103152275085,-0.1137143149971962,-0.10339144617319107
3355,1,0,0.9081491827964783,-0.1028335839509964,-0.10239021480083466
3356,1,0,0.9048128128051758,-0.12396267056465149,-0.08277411013841629
3357,1,0,0.8988120555877686,-0.1493220329284668,-0.0642322525382042
3358,1,0,0.8895546197891235,-0.15917061269283295,-0.05510678142309189
3359,1,0,0.8847289681434631,-0.1709146350622177,-0.04770959913730621
3360,1,0,0.894740104675293,-0.19246089458465576,-0.042746491730213165
3361,1,0,0.8973795175552368,-0.21743158996105194,-0.03996582329273224
3362,1,0,0.8932839632034302,-0.24336737394332886,-0.044128578156232834
3363,1,0,0.8964318037033081,-0.25043362379074097,-0.053602442145347595
3364,1,0,0.883989155292511,-0.2577262222766876,-0.056342557072639465
3365,1,0,0.8809658885002136,-0.2696393132209778,-0.04813958704471588
3366,1,0,0.8812007904052734,-0.2727355659008026,-0.0400744304060936
3367,1,0,0.8804787397384644,-0.27865979075431824,-0.04321190342307091
3368,1,0,0.8554030060768127,-0.259870320558548,-0.05861332640051842
3369,1,0,0.8361800909042358,-0.23037688434123993,-0.06901196390390396
3370,1,0,0.8308520317077637,-0.2266647219657898,-0.071813203394413
3371,1,0,0.8550501465797424,-0.22926701605319977,-0.05785645171999931
3372,1,0,0.8833431601524353,-0.2422749102115631,-0.043298929929733276
3373,1,0,0.8918362855911255,-0.25503629446029663,-0.029959658160805702
3374,1,0,0.8946112990379333,-0.25224676728248596,-0.015636496245861053
3375,1,0,0.9004395008087158,-0.26311275362968445,-0.007942845113575459
3376,1,0,0.9001398682594299,-0.27263420820236206,-0.005281459074467421
3377,1,0,0.9012609720230103,-0.27733099460601807,-0.005934786982834339
3378,1,0,0.9097286462783813,-0.27539363503456116,-0.007479982450604439
3379,1,0,0.9032614827156067,-0.26400241255760193,-0.0027013877406716347
3380,1,0,0.9005049467086792,-0.25582700967788696,-0.0036055513191968203
3381,1,0,0.901840329170227,-0.24741357564926147,-0.0037090012338012457
3382,1,0,0.9125688076019287,-0.23921535909175873,-0.004873617086559534
3383,1,0,0.9081701040267944,-0.25001758337020874,0.004091538023203611
3384,1,0,0.8949291706085205,-0.25069350004196167,0.010072635486721992
3385,1,0,0.8713808655738831,-0.24795319139957428,0.003925467375665903
3386,1,0,0.8524815440177917,-0.23332348465919495,-0.00399398896843195
3387,1,0,0.8466587066650391,-0.22746916115283966,-0.016008343547582626
3388,1,0,0.8667201995849609,-0.23622532188892365,-0.019398393109440804
3389,1,0,0.8853194117546082,-0.23823733627796173,-0.017490509897470474
3390,1,0,0.8844785094261169,-0.23512019217014313,-0.017148712649941444
3391,1,0,0.8971506357192993,-0.2446299046278,-0.015580413863062859
3392,1,0,0.9040209054946899,-0.24303746223449707,-0.015354961156845093
3393,1,0,0.8821885585784912,-0.22038783133029938,-0.0031515404116362333
3394,1,0,0.8533656597137451,-0.16788113117218018,-0.0030547433998435736
3395,1,0,0.8404181599617004,-0.12191228568553925,-0.008575266227126122
3396,1,0,0.8183189630508423,-0.09967603534460068,-0.011814551427960396
3397,1,0,0.8063372373580933,-0.0743873342871666,-0.01542049553245306
3398,1,0,0.8064430356025696,-0.04259359836578369,-0.019658058881759644
3399,1,0,0.7642583847045898,-0.05309223756194115,-0.0366019643843174
3435,1,0,0.6246803402900696,0.35621702671051025,-0.0563475526869297
3436,1,0,0.6137181520462036,0.3131745457649231,-0.04830028861761093
3437,1,0,0.5994100570678711,0.3109046220779419,-0.05478449910879135
3438,1,0,0.5892791152000427,0.27511000633239746,-0.062144599854946136
3439,1,0,0.5957618951797485,0.23839972913265228,-0.07405771315097809
3440,1,0,0.5835100412368774,0.2507713735103607,-0.07690675556659698
3441,1,0,0.5700880885124207,0.20592427253723145,-0.07594992220401764
3442,1,0,0.5690226554870605,0.19264225661754608,-0.08201081305742264
3443,1,0,0.5764665603637695,0.19742518663406372,-0.08453375101089478
3444,1,0,0.5596938729286194,0.210597962141037,-0.07783129811286926
3445,1,0,0.5600124597549438,0.20750246942043304,-0.07934640347957611
3446,1,0,0.5690997838973999,0.21068403124809265,-0.07377702742815018
3447,1,0,0.5421502590179443,0.18371357023715973,-0.06544520705938339
3448,1,0,0.5133542418479919,0.19444997608661652,-0.05914418026804924
3450,1,0,0.47787711024284363,0.4673258066177368,-0.1588817983865738
3451,1,0,0.5511555671691895,0.4663357734680176,-0.15173324942588806
3452,1,0,0.5497990846633911,0.40849369764328003,-0.13675089180469513
3453,1,0,0.4696713387966156,0.3690569996833801,-0.10745415091514587
3502,5,0,-0.10019305348396301,0.08749468624591827,-0.5025994777679443
3503,5,0,-0.09444673359394073,0.10319160670042038,-0.5244362354278564
3504,5,0,-0.08994556218385696,0.11523393541574478,-0.5408026576042175
3505,5,0,-0.08619485795497894,0.12492087483406067,-0.5535231828689575
3506,5,0,-0.0828699842095375,0.1328866183757782,-0.5636144876480103
3507,5,0,-0.07971234619617462,0.1396033763885498,-0.5717430114746094
3508,5,0,-0.07665981352329254,0.145472452044487,-0.5783572196960449
3509,5,0,-0.07365955412387848,0.15063318610191345,-0.5837463736534119
3510,5,0,-0.07059022039175034,0.15513302385807037,-0.588189423084259
3511,5,0,-0.06748084723949432,0.15919823944568634,-0.5918964147567749
3512,5,0,-0.0643228068947792,0.16280104219913483,-0.5949380397796631
3513,5,0,-0.0613270066678524,0.16594596207141876,-0.5974458456039429
3514,5,0,-0.058137618005275726,0.16882963478565216,-0.5994729995727539
3515,5,0,-0.05506486818194389,0.17130158841609955,-0.6009859442710876
3516,5,0,-0.05196956545114517,0.17350201308727264,-0.6023147106170654
3517,5,0,-0.048989973962306976,0.1753748655319214,-0.6031361818313599
3518,5,0,-0.04599139094352722,0.17706380784511566,-0.6037034392356873
3519,5,0,-0.043102193623781204,0.1785268932580948,-0.6040206551551819
3520,5,0,-0.04009310156106949,0.1797902137041092,-0.6040040850639343
3521,5,0,-0.03715787082910538,0.18080557882785797,-0.6038274765014648
3522,5,0,-0.034356873482465744,0.1817111372947693,-0.6033627986907959
3523,5,0,-0.03154343366622925,0.18242356181144714,-0.6026757955551147
3524,5,0,-0.028764231130480766,0.1829039305448532,-0.601743757724762
3525,5,0,-0.0260474756360054,0.1833242028951645,-0.6006106734275818
3526,5,0,-0.023276319727301598,0.1835113912820816,-0.599229097366333
3527,5,0,-0.020477553829550743,0.1835811734199524,-0.5976318120956421
3528,5,0,-0.017756570130586624,0.18355731666088104,-0.5958696603775024
3529,5,0,-0.014901950024068356,0.18340051174163818,-0.5938156843185425
3530,5,0,-0.01212468184530735,0.18307512998580933,-0.5914837121963501
3531,5,0,-0.009330620057880878,0.18252724409103394,-0.5889757871627808
3532,5,0,-0.006443776190280914,0.18198837339878082,-0.5862137079238892
3533,5,0,-0.0035267698112875223,0.18114694952964783,-0.5831363201141357
3534,5,0,-0.0005581490113399923,0.1802096664905548,-0.579780101776123
3535,5,0,0.0024420793633908033,0.17900440096855164,-0.5760793685913086
3536,5,0,0.005559960845857859,0.17765070497989655,-0.5719999670982361
3537,5,0,0.008700478821992874,0.17599374055862427,-0.5675390958786011
3538,5,0,0.011917157098650932,0.17401538789272308,-0.5626677870750427
3539,5,0,0.015185656026005745,0.1718492954969406,-0.557243287563324
3540,5,0,0.01854846626520157,0.169234499335289,-0.5512677431106567
3541,5,0,0.022029027342796326,0.16623415052890778,-0.5446807146072388
3542,5,0,0.02549932897090912,0.1627885103225708,-0.5372770428657532
3543,5,0,0.029112154617905617,0.1587885618209839,-0.5289254784584045
3544,5,0,0.032798778265714645,0.15412616729736328,-0.5194175839424133
3545,5,0,0.03660580888390541,0.1486353725194931,-0.5082642436027527
3546,5,0,0.04063744843006134,0.14196981489658356,-0.4946776032447815
3552,5,0,-0.10019305348396301,0.08749468624591827,-0.5025994777679443
3553,5,0,-0.09444673359394073,0.10319160670042038,-0.5244362354278564
3554,5,0,-0.08994556218385696,0.11523393541574478,-0.5408026576042175
3555,5,0,-0.08619485795497894,0.12492087483406067,-0.5535231828689575
3556,5,0,-0.0828699842095375,0.1328866183757782,-0.5636144876480103
3557,5,0,-0.07971234619617462,0.1396033763885498,-0.5717430114746094
3558,5,0,-0.07665981352329254,0.145472452044487,-0.5783572196960449
3559,5,0,-0.07365955412387848,0.15063318610191345,-0.5837463736534119
3560,5,0,-0.07059022039175034,0.15513302385807037,-0.588189423084259
3561,5,0,-0.06748084723949432,0.15919823944568634,-0.5918964147567749
3562,5,0,-0.0643228068947792,0.16280104219913483,-0.5949380397796631
3563,5,0,-0.0613270066678524,0.16594596207141876,-0.5974458456039429
3564,5,0,-0.058137618005275726,0.16882963478565216,-0.5994729995727539
3565,5,0,-0.05506486818194389,0.17130158841609955,-0.6009859442710876
3566,5,0,-0.05196956545114517,0.17350201308727264,-0.6023147106170654
3567,5,0,-0.048989973962306976,0.1753748655319214,-0.6031361818313599
3568,5,0,-0.04599139094352722,0.17706380784511566,-0.6037034392356873
3569,5,0,-0.043102193623781204,0.1785268932580948,-0.6040206551551819
3570,5,0,-0.04009310156106949,0.1797902137041092,-0.6040040850639343
3571,5,0,-0.03715787082910538,0.18080557882785797,-0.6038274765014648
3572,5,0,-0.034356873482465744,0.1817111372947693,-0.6033627986907959
3573,5,0,-0.03154343366622925,0.18242356181144714,-0.6026757955551147
3574,5,0,-0.028764231130480766,0.1829039305448532,-0.601743757724762
3575,5,0,-0.0260474756360054,0.1833242028951645,-0.6006106734275818
3576,5,0,-0.023276319727301598,0.1835113912820816,-0.599229097366333
3577,5,0,-0.020477553829550743,0.1835811734199524,-0.5976318120956421
3578,5,0,-0.017756570130586624,0.18355731666088104,-0.5958696603775024
3579,5,0,-0.014901950024068356,0.18340051174163818,-0.5938156843185425
3580,5,0,-0.01212468184530735,0.18307512998580933,-0.5914837121963501
3581,5,0,-0.009330620057880878,0.18252724409103394,-0.5889757871627808
3582,5,0,-0.006443776190280914,0.18198837339878082,-0.5862137079238892
3583,5,0,-0.0035267698112875223,0.18114694952964783,-0.5831363201141357
3584,5,0,-0.0005581490113399923,0.1802096664905548,-0.579780101776123
3585,5,0,0.0024420793633908033,0.17900440096855164,-0.5760793685913086
3586,5,0,0.005559960845857859,0.17765070497989655,-0.5719999670982361
3587,5,0,0.008700478821992874,0.17599374055862427,-0.5675390958786011
3588,5,0,0.011917157098650932,0.17401538789272308,-0.5626677870750427
3589,5,0,0.015185656026005745,0.1718492954969406,-0.557243287563324
3590,5,0,0.01854846626520157,0.169234499335289,-0.5512677431106567
3591,5,0,0.022029027342796326,0.16623415052890778,-0.5446807146072388
3592,5,0,0.02549932897090912,0.1627885103225708,-0.5372770428657532
3593,5,0,0.029112154617905617,0.1587885618209839,-0.5289254784584045
3594,5,0,0.032798778265714645,0.15412616729736328,-0.5194175839424133
3595,5,0,0.03660580888390541,0.1486353725194931,-0.5082642436027527
3596,5,0,0.04063744843006134,0.14196981489658356,-0.4946776032447815
